On average the sort took 0.353

4032
10578
34817
51031
59993
72019
90635
108355
108612
128342
140978
147242
147881
151081
189192
201495
209812
213523
217325
218745
218761
225204
244961
254719
283984
286451
297833
308451
310608
315733
325759
328758
346235
350173
357030
364074
370020
381002
385332
387845
398915
404050
416518
424666
428858
435668
446245
453231
461353
465139
469131
496808
497020
499935
500638
501553
502007
502578
510646
517456
523773
524949
541875
552961
578946
582867
586092
591224
592111
604395
605579
609923
615248
634395
636277
649795
654521
663203
668370
673288
675558
675769
691969
710697
715132
716081
725526
727105
727901
729658
730573
734982
745614
751095
768474
776010
802434
815548
816932
817902
826424
845408
849082
854499
860034
876357
895655
897658
905767
915890
926721
934218
958721
975397
976763
976986
991696
991813
994519
1013197
1013638
1030796
1032808
1036295
1053229
1060416
1073561
1091919
1099563
1099640
1121833
1130595
1132472
1132762
1142735
1150544
1156098
1157984
1158445
1169369
1176184
1193853
1206507
1209247
1213003
1218225
1218555
1228608
1278496
1281722
1289062
1305045
1306858
1309709
1313545
1337302
1356045
1357377
1367736
1372254
1384700
1392686
1401522
1403674
1409239
1411427
1411556
1423812
1425996
1426898
1427553
1430216
1436337
1437925
1471974
1476036
1477030
1496889
1497109
1524180
1527115
1529526
1538466
1552701
1572057
1578050
1622273
1628040
1631395
1639606
1686933
1695682
1702946
1724883
1727031
1729636
1739965
1747431
1754422
1755021
1757909
1793752
1795741
1797376
1800693
1816491
1822865
1824648
1825607
1837991
1851383
1854149
1854452
1864617
1866066
1883271
1884487
1897384
1905236
1907003
1919812
1924093
1932737
1935017
1942150
1959677
1970605
1971668
1981713
1995852
2006857
2019466
2020679
2048950
2069650
2070697
2096815
2097079
2109485
2121661
2148521
2153491
2171981
2179555
2203356
2229780
2231551
2236140
2240175
2243194
2244820
2245581
2251518
2259455
2277281
2290793
2291377
2291935
2293025
2303921
2311353
2318323
2338451
2355342
2369580
2375823
2376692
2393720
2413383
2426154
2429188
2433619
2440313
2446371
2459172
2497757
2523653
2536118
2540555
2562633
2562875
2566033
2567863
2569024
2570406
2586290
2608064
2617138
2622780
2686873
2690786
2692845
2696086
2700989
2722772
2751874
2754064
2776805
2782909
2783860
2802677
2820777
2842801
2865520
2880709
2883766
2897975
2899902
2913272
2928322
2934357
2953123
2961217
2974229
2982114
2985168
3003066
3005075
3005608
3017769
3018263
3023288
3029282
3034510
3035522
3040655
3042863
3046780
3052971
3064961
3072598
3074514
3089259
3092882
3098171
3102337
3119287
3132102
3165784
3194388
3204837
3209240
3232371
3233942
3243498
3245174
3245338
3246059
3278315
3280076
3332883
3334190
3337696
3338617
3341398
3342214
3350357
3354728
3381635
3388743
3395290
3397966
3402460
3408569
3408955
3415431
3417406
3419352
3425354
3436832
3443314
3450498
3464362
3466967
3474344
3517080
3533970
3535357
3536171
3544765
3563288
3569358
3585456
3611523
3614595
3614601
3622299
3625778
3654043
3660443
3671571
3672293
3685211
3697642
3704373
3712475
3747489
3747884
3764715
3766023
3766730
3782697
3785301
3817907
3820099
3823259
3850338
3881475
3882640
3894485
3907698
3919573
3923978
3929552
3931297
3933961
3958139
3966765
3976999
3987848
3991253
4024023
4029777
4048592
4056620
4059626
4062548
4084394
4086325
4095084
4108168
4117294
4124989
4163638
4167436
4169389
4182075
4191022
4192825
4208668
4223532
4236037
4236401
4244879
4246714
4248104
4251911
4257131
4265231
4307676
4311074
4324236
4332225
4358405
4374172
4384268
4389848
4391398
4403918
4438686
4465061
4475931
4476497
4477501
4503637
4515577
4522743
4528135
4530860
4559210
4559736
4560223
4576187
4590371
4601475
4605591
4632067
4656759
4689159
4694512
4697183
4733899
4739796
4740945
4745870
4749695
4768840
4783427
4791528
4797394
4797552
4800229
4803861
4805158
4815993
4820682
4853105
4873196
4894099
4896155
4896770
4898837
4902880
4920848
4935781
4963450
4970141
4982003
4982020
4982911
4983388
5002456
5021122
5036958
5039906
5047049
5053828
5053973
5070452
5074851
5089678
5089926
5107152
5108970
5117667
5122167
5131531
5151552
5173364
5174734
5189300
5203374
5208294
5217531
5252480
5260322
5265813
5284320
5315361
5339853
5348652
5362066
5389624
5402323
5414283
5415926
5427678
5429419
5432213
5450445
5460099
5464749
5471458
5505821
5510832
5514412
5516286
5533282
5542005
5542989
5554028
5554590
5559614
5562327
5582152
5594420
5595332
5596057
5606715
5617369
5618738
5629907
5634466
5639491
5668797
5707048
5723643
5727702
5738159
5772584
5775905
5780277
5795586
5804379
5810141
5817895
5845735
5853864
5859167
5863427
5864047
5867138
5876777
5876815
5877496
5878483
5886024
5899341
5916647
5920840
5935036
5942791
5956976
5960594
5977883
5980838
5992859
6000878
6015905
6020976
6022405
6038523
6071405
6075417
6087890
6093844
6098760
6115282
6122731
6131096
6150496
6153371
6157293
6170824
6175593
6178274
6182622
6183057
6200201
6211095
6216127
6236681
6236811
6253880
6285155
6291346
6294986
6299777
6309816
6320793
6345601
6347772
6356366
6368327
6391632
6394673
6410104
6410897
6412649
6414862
6428436
6438363
6446444
6449304
6449744
6458856
6477256
6486189
6490758
6504453
6513631
6516764
6520298
6521868
6533489
6554006
6592808
6607850
6613306
6635475
6657482
6664756
6673988
6693438
6704472
6722127
6744122
6756079
6756502
6759317
6768018
6769283
6769950
6772615
6786217
6806128
6811759
6829527
6842075
6884765
6903394
6917241
6919812
6929665
6936939
6949228
6963340
6979914
6992640
7010982
7016732
7036465
7041382
7042871
7053428
7056349
7064141
7076583
7076853
7079162
7096535
7101382
7137382
7147805
7152980
7157684
7158742
7166945
7170142
7171050
7195879
7197386
7200523
7245146
7266827
7287695
7292755
7295865
7330440
7331116
7332095
7351516
7355551
7383411
7383951
7385420
7386191
7412865
7419663
7421411
7428242
7438005
7445208
7446624
7455000
7463560
7481054
7485211
7494869
7501124
7512310
7516524
7522148
7527400
7529351
7534017
7557798
7565523
7568025
7606820
7608544
7618990
7640686
7659796
7675840
7681980
7687777
7696302
7700057
7703840
7708594
7713862
7715191
7725091
7725244
7743631
7750509
7751709
7752944
7755977
7767556
7780732
7792749
7797839
7802405
7802421
7810287
7837440
7845134
7850740
7855790
7857319
7863381
7868002
7871498
7887513
7888835
7896245
7900880
7903229
7912390
7918836
7923471
7965319
7965527
7968591
7970245
7986774
7989463
8031086
8036286
8067033
8076533
8093631
8095606
8128394
8134091
8151371
8154946
8166284
8168472
8171332
8181733
8189132
8191514
8192161
8199166
8200571
8206850
8217712
8233304
8259347
8267358
8279343
8282760
8303392
8311390
8316086
8328070
8339935
8345782
8354303
8355986
8364923
8371995
8376033
8409562
8436352
8441663
8445883
8452419
8453438
8461835
8470763
8475216
8501482
8518212
8527851
8530108
8547918
8560864
8567703
8572278
8573560
8579023
8586294
8621979
8650794
8673609
8690099
8692050
8723102
8728135
8729168
8757103
8758288
8770475
8775677
8778421
8780616
8790109
8827885
8835761
8838066
8838565
8844911
8852231
8854036
8856082
8861584
8863157
8866529
8869232
8883004
8893456
8898923
8923158
8936055
8938141
8947573
8960621
8961694
8962841
8974367
9016083
9021760
9024765
9040024
9074482
9080561
9087474
9099974
9100761
9102931
9106061
9106581
9108802
9115428
9120468
9121431
9133704
9134844
9146384
9148535
9156765
9156839
9192658
9195970
9197919
9205579
9216270
9218580
9222689
9232779
9236151
9244427
9245318
9260581
9264303
9269957
9276482
9277727
9278166
9298652
9300286
9301614
9302563
9302631
9320983
9333238
9339992
9345924
9361766
9383445
9383999
9385567
9389312
9404943
9451621
9463614
9470832
9474950
9491844
9492945
9508246
9532499
9534114
9534824
9540025
9541778
9548795
9563094
9564495
9572144
9576620
9578286
9582328
9596390
9597910
9604237
9608050
9610596
9612987
9628902
9632742
9637061
9641794
9653121
9658856
9659016
9669917
9674587
9675531
9679375
9688330
9699831
9700197
9710022
9719170
9720693
9724162
9736556
9744776
9758850
9763183
9778305
9793137
9793169
9798947
9799837
9805735
9818647
9820617
9836432
9839759
9847931
9849945
9865062
9875861
9876403
9884368
9922299
9937802
9946069
9952903
9964169
9965033
9967735
9970717
9981250
9983869
10019792
10021076
10027199
10042283
10054256
10075172
10097005
10101721
10106171
10118227
10119610
10141916
10143215
10144715
10163328
10166028
10168647
10179621
10234462
10245672
10282649
10283519
10292734
10296900
10298581
10310226
10314792
10330838
10346655
10358620
10363124
10373081
10388170
10399242
10419302
10443950
10444000
10459912
10484902
10488050
10492173
10494060
10494338
10502722
10516924
10531008
10531786
10539488
10541920
10552640
10556542
10558523
10558834
10561023
10586170
10601406
10606915
10619579
10624597
10636607
10649548
10660556
10669328
10683522
10693492
10703764
10707191
10717495
10734295
10750037
10753600
10754365
10773592
10800020
10805412
10806099
10808292
10810338
10813248
10817249
10842514
10843734
10869204
10874682
10880230
10914435
10923751
10964748
10970452
10979303
11010172
11014708
11015066
11015092
11028428
11032883
11042748
11047476
11067594
11081309
11083696
11085414
11091670
11112393
11115789
11116153
11131464
11151582
11163632
11183925
11195308
11198810
11224736
11255743
11259937
11262147
11264989
11268506
11277298
11287073
11287570
11288568
11296223
11306145
11317219
11320204
11320584
11321252
11324418
11332328
11358597
11362458
11374605
11427554
11436662
11442249
11448311
11453486
11464551
11470163
11476359
11490445
11496054
11500304
11503251
11507232
11512872
11516231
11523656
11524434
11526116
11540113
11547535
11557341
11557708
11559481
11569626
11573272
11603898
11609586
11642242
11644614
11671934
11690066
11699513
11716486
11726019
11770187
11770395
11770483
11774592
11775352
11795108
11847501
11858517
11898355
11899360
11913558
11914929
11922144
11924290
11953891
11981794
11996504
11997126
12009281
12019381
12047434
12055603
12056035
12071547
12086931
12090135
12104858
12107127
12120835
12128009
12145656
12157144
12163759
12171844
12191853
12200613
12204821
12215577
12215959
12224600
12233771
12238399
12249595
12253681
12258037
12262110
12268984
12269090
12276350
12279047
12289280
12294803
12297769
12298735
12310274
12340171
12352074
12358633
12362023
12374286
12377586
12379841
12379983
12383418
12384963
12388856
12389388
12393591
12398091
12400616
12440820
12447688
12449740
12454293
12455468
12458042
12465475
12487566
12495265
12515044
12516216
12530380
12536702
12542720
12543624
12547878
12552142
12559478
12569041
12580759
12585079
12594635
12598656
12625224
12639744
12656062
12676880
12681255
12681645
12686793
12701833
12708393
12719714
12721948
12735721
12735872
12736090
12738204
12741329
12753467
12768876
12779605
12782322
12795043
12803976
12810333
12812479
12814099
12830466
12838319
12839449
12858601
12880041
12920599
12926216
12938645
12971781
12995561
12999584
12999795
13004494
13017923
13020047
13024866
13033528
13034897
13062251
13072868
13073824
13086715
13094025
13107464
13116250
13148001
13149895
13151972
13155169
13181991
13185584
13186464
13212722
13257895
13264675
13276900
13284339
13292689
13336858
13343562
13361610
13391998
13400984
13409771
13426942
13433418
13441415
13445044
13470876
13473265
13481147
13482372
13487608
13492859
13494067
13494571
13496244
13510079
13520990
13532900
13550480
13578948
13588982
13592506
13596928
13615333
13628716
13632951
13644673
13659672
13679684
13693993
13711086
13735356
13752128
13764221
13766120
13766617
13772886
13779470
13806688
13812665
13815941
13817354
13824121
13850127
13851671
13851710
13865738
13865747
13872065
13877998
13885120
13887627
13894823
13896561
13907932
13912921
13914977
13915999
13917042
13934758
13957793
13976134
13986305
14022910
14028749
14037262
14051147
14063803
14078022
14079784
14080705
14087941
14107275
14117905
14127349
14136475
14163900
14171062
14172447
14191432
14195373
14197536
14201841
14203100
14208379
14231635
14269788
14286726
14293022
14295480
14299099
14300919
14330171
14332133
14344904
14347317
14360421
14367252
14371595
14376256
14387062
14393174
14394622
14407126
14414815
14420404
14423261
14429472
14439669
14451165
14460181
14469835
14474622
14481454
14492107
14495723
14504767
14508090
14508095
14525368
14535187
14538522
14541402
14565704
14570006
14577727
14578956
14587246
14593209
14597846
14600974
14636047
14642781
14652217
14652702
14654275
14660079
14673399
14675897
14688508
14690800
14698944
14699961
14736602
14754946
14756492
14770096
14786760
14788893
14795033
14821398
14823134
14826247
14853713
14867406
14892161
14905831
14929243
14929926
14931903
14959754
14963363
14964968
14965023
14980469
14982662
14990524
15003827
15009748
15012463
15023798
15023902
15028346
15033717
15089027
15093502
15095568
15102998
15129042
15140511
15144725
15148659
15150477
15151779
15155976
15163652
15173221
15196072
15199548
15211856
15217472
15218929
15223865
15276185
15282987
15293037
15297329
15300285
15302979
15321291
15328836
15331824
15370746
15378403
15395040
15411463
15418028
15421677
15441301
15453986
15458725
15489810
15507985
15509621
15516449
15530724
15540920
15545548
15551554
15562704
15565144
15565387
15567230
15578841
15591870
15596834
15596882
15613254
15645543
15659970
15674212
15677924
15687330
15697796
15714811
15728200
15731188
15731536
15737100
15753546
15754917
15760153
15769873
15770217
15776482
15783397
15793027
15813509
15815044
15818176
15824492
15871667
15876279
15886056
15891260
15894308
15897616
15902736
15905086
15921366
15930785
15945799
15954877
15978174
16011465
16012440
16021016
16038692
16047411
16064073
16107780
16126386
16127110
16138237
16150517
16171937
16186694
16206833
16207793
16211272
16243614
16273848
16274289
16280049
16281002
16281321
16287232
16287507
16302704
16307409
16323966
16324797
16332621
16374737
16387070
16388248
16389340
16394038
16395703
16398548
16405638
16435319
16447319
16451819
16463095
16480279
16488016
16499014
16503562
16522668
16532778
16536529
16551613
16557364
16562519
16568623
16570052
16573844
16574038
16574841
16584078
16625587
16638847
16651245
16672573
16683897
16686721
16689936
16698431
16711386
16725297
16739155
16742561
16768828
16774539
16783041
16784363
16788981
16798745
16802379
16816194
16834953
16835505
16855750
16859812
16860657
16880117
16885139
16886960
16931332
16954083
16957697
16974743
16988005
16992990
16995760
17007887
17010998
17013241
17031363
17052358
17054701
17055109
17070232
17087598
17096212
17142923
17146253
17147832
17152890
17176567
17179493
17200938
17216605
17225227
17240874
17270621
17301293
17306567
17313391
17318451
17367477
17378770
17386390
17386685
17394055
17394682
17398890
17400512
17454900
17455397
17499362
17504873
17506566
17506730
17510148
17528336
17534687
17573127
17574235
17601882
17604279
17604976
17608176
17626381
17627405
17637362
17656109
17657787
17664150
17672213
17692348
17699740
17714265
17723358
17723438
17727831
17727834
17732291
17733245
17736607
17737766
17752563
17756825
17761301
17768761
17777996
17784154
17808190
17816959
17820174
17824670
17833690
17840317
17869686
17885803
17909633
17912605
17922425
17950973
17953031
17961856
17963465
17969028
17971372
17998011
18006073
18015898
18042852
18049964
18068306
18075664
18088462
18094350
18127336
18127716
18140273
18191272
18191506
18199099
18230811
18272452
18284266
18298918
18316067
18324443
18340542
18353859
18355246
18367037
18384729
18401269
18406595
18406984
18423513
18431544
18432460
18446386
18446481
18448167
18450195
18460425
18481118
18492302
18527865
18530366
18533845
18540118
18543746
18551770
18553596
18554757
18556906
18578042
18604525
18614901
18624484
18626005
18641766
18660977
18661389
18670858
18679318
18687514
18724686
18725778
18732456
18732691
18739265
18748768
18751619
18754637
18756322
18772334
18781080
18785334
18790413
18797915
18798438
18803730
18818453
18827416
18838015
18838970
18845477
18847976
18849187
18852707
18864817
18887649
18889703
18903270
18906833
18914055
18923580
18942757
18948469
18950887
18955204
18967327
18970776
18988108
19021611
19034417
19035871
19051988
19062212
19079658
19079927
19086849
19108225
19117437
19123771
19135191
19140362
19147772
19148317
19150677
19151111
19158016
19173857
19224438
19233137
19248804
19254167
19273473
19285742
19314829
19324323
19339278
19342759
19355331
19359650
19368270
19406347
19419387
19420849
19432969
19438606
19444990
19454839
19454960
19457109
19471938
19493816
19503822
19508002
19516323
19525656
19538097
19544778
19548248
19549726
19558483
19563394
19573280
19579719
19592620
19597151
19619133
19623223
19626229
19633756
19646885
19655661
19672123
19693933
19700955
19705300
19741119
19744450
19753846
19768536
19778132
19803204
19803961
19814450
19846160
19855844
19868566
19870402
19873012
19875342
19882764
19883623
19885022
19888471
19902437
19925784
19937170
19941605
19941970
19961272
19969329
19974779
19984282
20002175
20006269
20020163
20027331
20028791
20031605
20058652
20062626
20063718
20074125
20075201
20118149
20175847
20184858
20187540
20201604
20204906
20208584
20209743
20235164
20240928
20243915
20252263
20262773
20278866
20286717
20298001
20322531
20325345
20335896
20365068
20375426
20392064
20399123
20399832
20404084
20420302
20422650
20431837
20448548
20451837
20460103
20463149
20465786
20506242
20519069
20519079
20522771
20525285
20539639
20539658
20555860
20565791
20574561
20575974
20582892
20586799
20597148
20601440
20644830
20645755
20655003
20668504
20686562
20691995
20693542
20702693
20706146
20725331
20738744
20757817
20762856
20766868
20769796
20787814
20794309
20795250
20807297
20809332
20809931
20828499
20847287
20850595
20892335
20915642
20916278
20918976
20921792
20929858
20932457
20936868
20943681
20960320
20965367
20976607
20988832
20993278
21002928
21013923
21019306
21025136
21025161
21050601
21063580
21088747
21091766
21101842
21111760
21115181
21117490
21129923
21146775
21167889
21169729
21177666
21180818
21195795
21225294
21240187
21241149
21250318
21255442
21256091
21258033
21262417
21264879
21294663
21296874
21316440
21372145
21386572
21423747
21430854
21449134
21452382
21469160
21491336
21506875
21509018
21512953
21523587
21524067
21534780
21536504
21538855
21541547
21545987
21548595
21553374
21573198
21577251
21582115
21583221
21584915
21596918
21603586
21624723
21627650
21645788
21649602
21660818
21661950
21671824
21706324
21706816
21708319
21711060
21722079
21729184
21737674
21739094
21787758
21797573
21809605
21819524
21821359
21848543
21867143
21868521
21883342
21929961
21946063
21955813
21969463
21989834
21992305
21996603
21999982
22020068
22021895
22037589
22053014
22061314
22083205
22087303
22115075
22116753
22118311
22123113
22125125
22128872
22149068
22159418
22165914
22177878
22181349
22185947
22192322
22200602
22215381
22215417
22224997
22232282
22233163
22239230
22247682
22252711
22253656
22255382
22259010
22273942
22281715
22282841
22360240
22371844
22379280
22409362
22412254
22426166
22455858
22458317
22461404
22467365
22471666
22496725
22496799
22500954
22526099
22532877
22539911
22549806
22550079
22559722
22559927
22576993
22587231
22616321
22634293
22635711
22647029
22653892
22662755
22666512
22671029
22674479
22679769
22689318
22709888
22722368
22723227
22726586
22728625
22732521
22757156
22764497
22775866
22779862
22799478
22799797
22805136
22809851
22826135
22838766
22846631
22850499
22853846
22858974
22895030
22898984
22913323
22922726
22958143
22958214
22968293
22970339
22988113
22997132
22998797
23019751
23020175
23024796
23034971
23068183
23068821
23074369
23080102
23090913
23105959
23120547
23124311
23140828
23150532
23190260
23198289
23203240
23205433
23214403
23231893
23232649
23236529
23266926
23268249
23275422
23282397
23298910
23304743
23306185
23325665
23328583
23331578
23334000
23342053
23370994
23377627
23385563
23411180
23436214
23440970
23450061
23455600
23460743
23475264
23482201
23485221
23491157
23506836
23521174
23530394
23530423
23532834
23558077
23565059
23575751
23579216
23591028
23619832
23625117
23629373
23640532
23645476
23648379
23651860
23673666
23700731
23704757
23712854
23723026
23729606
23729677
23739555
23740389
23771389
23785725
23798611
23807924
23808023
23813801
23817320
23850888
23854528
23858893
23870049
23878010
23885916
23892854
23894037
23899998
23903083
23918187
23930479
23935375
23941073
23947719
23964628
23967777
23970016
23977146
23994345
24002535
24009312
24014361
24014555
24015212
24020996
24039748
24054415
24057128
24060767
24065286
24067882
24069447
24080780
24084272
24084767
24093584
24096449
24109413
24114232
24116440
24117413
24118811
24118985
24130297
24140678
24154615
24169489
24170560
24173419
24178929
24182001
24191319
24194411
24195466
24207461
24209569
24216990
24231545
24233843
24239067
24249983
24256746
24265400
24271926
24271947
24273054
24276394
24298228
24298230
24316950
24319094
24321148
24326288
24330614
24337965
24342803
24353526
24373831
24375798
24389403
24394343
24396622
24404994
24411165
24412260
24418559
24433278
24445732
24466985
24497867
24503334
24516057
24526978
24531602
24544749
24555848
24567378
24574777
24588045
24599140
24602737
24613283
24623097
24628941
24635025
24636095
24655503
24658977
24659081
24702515
24717235
24718281
24722006
24723149
24728409
24733911
24736077
24742349
24744038
24769105
24787843
24800701
24803665
24811036
24837509
24841271
24861561
24869833
24873591
24873838
24887877
24898716
24902686
24908898
24914008
24925445
24928009
24928573
24929515
24932800
24945735
24948074
24972911
24972984
24981132
24991561
24991673
24994034
24995738
24996735
24997013
24997072
25000246
25002171
25018076
25021602
25032205
25036228
25038370
25052575
25057846
25058794
25084302
25086020
25095871
25111671
25114754
25125301
25132475
25149295
25153683
25160776
25162262
25172873
25176797
25180401
25185438
25193447
25206956
25221914
25221986
25240496
25243604
25251932
25272945
25290505
25302852
25331315
25336157
25350671
25351730
25359226
25366669
25394220
25398904
25400047
25403264
25416100
25421262
25423093
25428472
25429548
25430938
25434163
25446615
25447751
25461757
25462062
25468877
25473137
25478634
25486123
25500000
25501017
25512538
25516615
25528602
25567784
25592705
25595338
25609057
25615459
25625028
25629002
25635080
25642181
25642988
25653363
25664052
25664510
25666448
25690291
25696194
25698797
25703548
25705618
25709341
25713495
25719223
25723771
25726840
25731998
25733357
25738453
25750104
25754435
25758297
25775716
25779345
25786507
25796895
25817614
25819407
25824270
25830737
25839725
25859911
25860461
25880707
25888583
25889758
25895041
25914115
25918191
25933087
25945692
25953153
25967717
25978225
25986762
25991992
25997220
26000096
26003114
26018049
26022237
26026747
26039580
26043506
26053557
26054223
26054503
26098316
26099689
26103103
26118413
26119495
26124689
26129126
26153598
26170730
26175869
26202710
26206204
26213067
26217061
26252411
26253742
26266065
26269016
26272748
26274263
26281451
26298417
26303928
26330576
26341086
26344766
26345033
26350822
26354656
26378029
26381045
26387065
26388727
26405092
26410891
26411144
26413849
26434900
26456308
26473417
26477660
26479025
26479841
26487589
26491661
26492255
26498631
26500132
26503308
26506748
26527784
26529383
26537740
26559140
26559618
26566434
26580271
26614896
26624462
26648404
26651675
26655226
26657191
26659858
26660505
26660624
26661834
26673948
26678927
26695277
26710039
26710407
26712991
26717806
26717954
26721344
26729982
26735443
26754464
26764887
26777117
26779968
26780453
26785248
26796680
26808204
26809536
26817435
26833835
26836544
26856034
26861530
26864331
26880128
26913239
26914144
26914802
26917898
26920761
26923882
26924247
26935415
26937029
26944758
26961002
26961748
26964867
26971781
26978677
26978868
26983413
26991657
26996382
27000714
27008806
27010500
27014169
27019155
27024616
27029391
27031773
27046998
27051537
27060596
27067216
27100887
27101560
27125600
27131209
27146901
27152735
27153951
27170019
27194954
27195934
27218287
27223356
27229247
27239164
27241216
27258802
27265334
27282054
27283730
27298488
27315703
27319733
27328086
27359258
27386335
27392917
27421888
27423187
27427585
27430040
27435213
27445566
27454589
27485368
27495580
27503219
27516266
27516544
27550421
27554893
27556206
27562951
27607654
27613077
27613191
27630523
27631997
27635880
27638229
27646652
27657016
27660361
27661387
27663310
27705660
27727796
27767679
27773574
27775689
27783671
27788009
27789486
27790613
27814369
27820766
27852800
27854294
27856599
27889760
27893279
27896401
27910619
27914962
27936625
27955551
27975900
27979928
27986296
27997153
28011448
28013672
28021275
28023848
28024238
28049987
28066569
28092247
28093907
28096705
28100855
28107046
28112060
28121466
28128015
28131148
28165334
28171640
28203433
28206679
28229740
28232324
28233213
28235717
28242196
28250601
28260671
28267345
28267930
28283254
28295118
28300082
28311769
28329913
28339597
28360983
28380170
28384173
28391291
28397468
28403217
28407630
28411075
28415670
28432672
28436416
28454597
28455678
28458445
28465183
28466453
28474945
28478111
28493092
28564893
28571755
28579750
28588960
28620350
28621761
28624417
28629527
28655057
28657940
28659106
28661038
28673113
28676564
28697299
28707124
28780592
28788490
28803347
28806773
28811290
28812544
28817789
28831472
28839734
28862439
28864943
28911064
28921151
28922201
28932795
28945040
28948242
28952787
28957058
28986404
29009003
29028253
29041041
29070527
29088377
29091640
29101393
29103681
29111311
29112785
29114872
29117179
29121033
29126419
29141178
29141632
29144770
29147225
29149151
29169523
29173715
29173890
29177199
29180843
29192002
29192948
29198668
29217380
29217934
29238924
29242515
29248354
29264002
29272634
29276357
29308702
29323816
29325045
29329256
29337401
29365307
29383201
29402966
29469935
29496404
29509868
29510397
29514751
29521219
29553743
29571764
29572151
29577741
29583781
29587247
29595118
29599983
29621487
29630491
29633735
29637187
29644150
29646447
29651448
29652767
29659237
29671812
29684578
29713127
29720418
29746745
29754738
29770602
29776724
29787116
29791873
29791960
29811505
29846256
29855903
29864586
29870758
29880999
29890332
29894626
29896523
29896599
29910791
29923749
29928754
29934022
29978950
29996003
30013112
30027439
30030318
30093088
30179251
30180259
30181782
30182305
30207715
30214446
30217283
30219074
30222184
30233837
30249330
30263843
30265541
30268197
30272810
30276593
30280831
30282531
30287549
30301969
30356683
30368091
30434616
30437624
30458951
30487269
30496957
30502953
30506780
30508338
30516228
30517199
30522022
30522852
30531814
30538273
30581948
30602680
30619440
30632202
30654945
30661667
30682981
30716727
30725775
30726902
30728731
30729953
30732749
30768635
30785951
30807256
30812548
30817505
30822557
30826700
30833586
30844893
30853533
30858666
30870268
30873311
30878203
30900880
30901347
30902185
30907461
30917512
30918079
30932289
30939234
30946918
30952493
30958855
30966373
30969724
30976698
30982134
30986344
30998362
30999823
31001250
31001606
31004297
31022732
31026971
31041418
31053060
31061367
31061641
31065058
31086609
31092857
31095874
31130153
31132322
31152245
31193245
31209886
31228296
31228827
31229045
31273127
31274568
31283048
31286531
31289815
31292791
31303900
31310511
31329696
31330405
31336502
31337712
31338736
31346496
31361575
31375722
31378367
31384434
31408274
31415184
31419592
31438967
31441598
31449675
31467203
31469433
31473175
31474957
31487626
31497656
31511379
31523665
31536474
31543664
31544420
31555522
31562070
31571544
31578479
31578563
31583355
31583552
31584652
31585787
31593101
31593577
31597686
31617327
31624073
31634257
31641622
31674820
31677582
31681834
31698929
31708911
31709004
31710510
31711538
31715016
31724394
31725518
31732665
31777764
31778802
31787659
31791776
31797765
31802029
31812671
31818513
31821363
31835076
31838884
31863677
31876370
31877081
31892934
31899248
31939144
31949483
31961040
31990982
31998608
31999253
32001757
32009186
32017263
32025593
32030369
32046795
32049169
32058562
32085734
32095317
32098236
32103178
32106395
32108638
32109697
32116941
32119380
32121460
32123140
32129623
32143697
32146244
32155241
32160097
32177359
32186827
32214523
32228517
32253682
32274470
32280851
32296053
32296379
32299846
32301138
32302751
32307902
32310603
32321104
32323882
32342929
32350744
32351697
32377551
32390754
32398089
32398322
32413325
32416474
32419597
32443490
32455387
32462686
32464254
32465388
32466845
32470070
32499041
32499992
32514064
32516407
32527978
32529264
32531959
32532709
32535679
32549005
32550712
32559242
32571040
32585206
32590660
32595196
32603485
32643409
32644817
32653334
32676221
32692501
32695307
32699390
32709409
32735066
32737485
32745591
32746126
32759167
32764989
32776193
32778882
32805333
32824523
32833405
32839141
32860954
32862782
32876837
32883591
32887264
32897533
32900513
32920720
32947505
32959414
32962521
32965540
32977846
32984044
32992528
32992819
33008923
33016218
33016698
33023820
33037943
33043361
33043921
33046659
33058741
33066180
33066571
33091078
33100636
33109350
33121330
33127597
33132201
33151504
33156690
33158050
33163316
33204889
33216539
33226603
33227355
33228823
33244322
33251974
33270598
33274983
33299301
33304965
33324050
33337761
33356694
33365642
33371779
33374263
33386398
33395247
33398352
33435205
33437871
33439923
33457132
33461486
33467443
33476722
33485291
33494034
33543455
33549971
33582501
33592022
33606424
33607409
33608015
33614680
33614720
33618811
33641168
33648243
33673265
33681931
33690276
33695798
33698490
33712164
33714429
33714633
33728639
33741336
33773606
33786260
33793537
33809867
33814000
33814841
33821191
33828833
33829433
33835559
33870795
33887150
33892876
33922751
33927259
33943321
33944117
33955040
33972259
33981317
33991739
33996795
34008283
34037237
34038818
34040335
34064917
34074653
34087763
34088716
34116617
34124488
34137202
34157098
34165168
34170287
34173212
34185841
34219049
34227986
34241204
34249442
34269331
34278687
34280745
34306090
34308942
34314153
34332748
34346125
34354043
34368691
34371409
34387249
34393324
34398126
34401724
34417479
34418153
34420520
34421169
34447131
34450051
34462453
34466003
34470362
34477306
34498126
34499267
34513603
34516058
34518511
34536953
34544557
34574851
34575903
34581770
34587203
34593869
34599387
34615711
34616894
34631074
34642616
34670717
34670751
34708319
34734426
34734880
34750434
34752673
34755242
34786330
34796555
34803995
34805282
34806741
34823712
34830807
34839652
34841487
34847698
34850083
34863373
34880765
34890007
34898092
34901905
34913915
34917931
34920888
34925284
34927254
34932630
34940326
34944877
34947074
34947404
34953428
34967941
34974418
34978657
35031871
35032926
35043734
35049863
35055627
35055630
35062524
35066020
35074938
35075090
35096115
35102467
35122003
35124548
35127117
35134315
35134416
35143485
35157374
35161322
35162048
35163317
35235759
35241967
35265170
35275823
35286543
35315658
35317872
35320406
35327337
35340464
35340735
35347835
35350789
35352952
35358793
35359441
35366934
35378775
35393764
35395503
35404687
35405958
35418648
35419317
35427606
35446399
35460296
35468567
35473232
35483429
35485270
35496056
35521308
35530837
35541048
35543695
35549611
35565789
35574356
35595344
35604757
35608774
35610827
35616695
35625869
35642938
35686950
35702409
35714699
35715262
35717613
35735822
35740401
35745791
35753279
35759007
35763219
35767790
35782912
35784611
35816181
35821226
35823998
35840733
35846417
35859586
35879221
35886376
35891617
35903658
35920063
35941757
35944828
35946560
35955962
35975520
36030902
36036218
36044930
36066446
36083536
36091312
36105940
36108556
36111737
36129402
36131154
36133740
36147521
36160165
36172707
36194557
36208024
36219027
36220684
36233589
36233764
36258114
36262046
36262295
36282193
36286713
36320471
36338680
36367964
36384022
36395081
36396997
36397197
36400489
36413790
36416122
36419472
36439387
36443514
36453117
36468445
36475149
36491219
36514915
36518405
36525481
36534911
36535717
36539163
36550871
36550949
36565818
36568354
36579616
36583554
36584874
36598511
36606495
36614713
36616725
36631607
36634344
36646375
36647507
36647662
36654069
36664148
36671063
36677678
36678982
36680258
36681070
36682223
36692047
36693743
36695646
36699395
36716217
36731134
36740402
36760481
36785455
36790553
36796910
36815753
36828920
36833392
36835416
36854882
36860601
36900662
36912756
36913617
36917443
36918022
36923178
36945568
36946704
36958939
36961054
36983231
36984724
37019252
37025933
37067292
37075134
37085087
37094136
37152499
37152700
37156297
37160657
37170228
37172618
37182646
37191901
37197414
37205463
37214605
37218270
37225619
37239626
37249745
37256397
37264887
37278885
37284617
37298019
37298088
37313355
37326614
37367583
37373227
37380362
37382981
37394620
37395176
37413800
37426123
37428923
37432331
37435186
37436417
37440936
37445805
37454195
37459393
37459778
37469705
37477892
37492889
37510140
37551523
37553634
37597641
37605709
37616311
37621060
37627558
37676294
37700083
37706273
37711672
37713716
37727270
37732258
37755560
37782848
37785670
37790829
37801548
37823167
37834788
37851831
37892931
37895367
37906972
37943424
37946637
37947558
37957179
37963059
37972689
37974468
37976715
37989332
38018017
38023252
38047351
38070109
38072496
38075766
38094326
38096029
38112388
38141954
38142142
38147115
38149563
38152667
38153468
38153596
38164534
38173694
38174469
38174525
38175374
38184921
38186320
38193283
38194499
38202429
38204579
38221770
38241684
38251660
38258341
38266931
38267266
38267683
38285757
38288077
38288497
38296469
38301995
38303500
38309822
38312209
38325841
38327067
38335721
38350060
38351963
38355721
38362583
38366320
38375699
38383006
38389111
38395129
38395745
38409255
38429991
38435658
38440677
38452739
38463958
38467688
38496581
38500209
38510337
38535669
38538774
38544687
38552797
38553186
38560110
38589611
38589865
38597047
38600364
38615251
38621992
38634826
38635151
38662387
38665089
38670219
38672533
38674228
38707066
38749154
38756783
38764517
38765596
38767887
38785709
38787621
38794514
38802147
38810729
38813008
38826366
38834807
38839967
38842411
38842462
38853812
38855298
38855857
38880095
38891248
38898651
38900188
38901023
38907338
38915471
38919847
38931217
38944497
38948185
38957004
38959483
38966448
38969280
38978111
38981531
38982318
39011055
39019523
39026639
39040203
39056419
39074100
39074598
39081703
39105952
39110970
39120815
39136476
39164984
39170355
39182291
39190430
39191447
39198415
39200150
39235972
39251391
39261905
39262584
39263982
39270932
39283817
39288221
39295464
39295683
39299067
39314390
39317998
39349031
39361627
39373033
39375980
39401217
39455365
39465581
39513903
39539443
39541805
39544465
39583460
39592534
39593160
39609963
39613797
39623219
39633508
39639403
39646542
39646683
39648644
39665118
39669735
39681823
39685471
39704838
39723537
39739029
39740895
39749287
39751416
39757588
39763487
39772792
39774208
39774405
39781049
39792479
39801125
39802330
39803797
39810496
39815871
39820381
39834327
39836544
39863923
39883091
39891793
39895290
39907057
39922032
39930867
39933806
39934624
39974751
39992353
40006602
40006711
40010861
40017270
40027929
40028315
40052235
40057141
40072434
40078411
40079006
40080865
40096142
40115023
40120807
40120863
40121983
40124118
40146574
40152331
40190007
40201018
40201022
40206916
40207734
40216313
40228929
40234103
40245049
40266651
40273732
40279570
40282262
40295766
40299714
40300821
40306198
40316288
40316574
40323278
40327916
40329324
40349569
40352511
40358526
40380788
40390571
40400658
40403281
40403976
40414781
40417382
40428177
40432601
40437327
40464711
40494919
40501461
40511120
40512226
40526744
40532857
40534221
40534988
40539219
40558863
40575347
40575680
40591023
40592451
40598357
40611699
40615344
40618225
40640188
40641946
40656941
40662395
40682466
40685851
40692975
40701170
40711646
40712208
40722830
40726946
40729820
40747365
40749215
40752338
40768951
40780410
40784896
40797252
40797833
40799197
40817825
40821989
40825768
40833732
40880354
40893728
40904767
40910211
40944892
40945629
40946525
40957201
40960882
40984578
41024502
41025470
41043550
41056829
41059830
41063148
41068983
41081348
41082601
41102945
41118670
41119704
41119844
41125139
41133672
41140810
41153510
41155556
41158057
41160890
41167601
41167710
41168935
41180085
41182660
41184251
41193782
41205164
41206789
41207947
41214108
41218884
41225561
41244311
41248001
41251566
41254434
41259707
41273582
41274537
41275704
41286902
41305481
41309159
41311185
41312870
41313640
41350562
41370130
41373946
41379831
41390934
41438503
41481220
41481312
41481995
41483815
41484254
41486038
41509021
41509749
41514722
41520442
41523795
41529293
41541731
41550250
41562469
41569931
41571244
41580030
41584252
41592305
41603433
41606214
41627118
41645417
41647047
41650512
41664419
41679964
41681498
41702821
41730593
41746703
41749095
41751455
41771897
41780488
41783386
41799439
41805186
41808327
41819023
41819747
41824001
41840881
41855899
41860206
41871690
41877073
41893877
41908807
41910400
41920744
41924817
41926625
41935430
41946309
41962830
41972681
41995654
42002870
42003775
42009453
42016053
42033099
42041783
42045383
42048215
42053106
42054119
42060752
42069357
42090476
42103638
42105054
42120284
42136176
42147977
42150664
42159656
42163416
42166335
42171734
42176490
42177964
42200871
42205983
42209176
42227174
42244421
42257652
42258038
42267108
42268257
42285045
42302336
42331056
42331345
42379522
42399866
42407723
42412962
42421810
42450984
42462065
42472255
42487947
42491003
42515781
42525194
42541099
42545952
42590206
42593552
42597792
42611197
42612414
42617404
42629298
42639269
42642740
42647216
42653195
42653515
42680196
42712982
42744013
42748762
42782812
42784581
42793675
42801034
42804633
42822856
42852134
42852754
42853103
42873730
42877750
42890857
42899748
42907499
42910740
42919538
42920558
42921401
42926719
42934871
42937436
42947966
42990070
42997992
43018492
43073333
43077041
43082305
43087300
43107353
43132163
43138638
43140058
43150457
43161899
43187305
43187633
43204790
43205421
43209364
43256490
43269683
43288260
43293245
43302717
43316277
43358431
43362231
43366420
43372481
43374432
43383857
43385696
43401618
43408576
43436020
43444002
43451757
43458665
43497817
43508150
43517266
43529484
43537901
43553748
43589243
43595697
43602134
43619040
43622042
43629739
43643631
43647484
43648716
43680356
43709101
43709462
43712041
43715471
43716418
43732778
43734933
43754162
43760073
43781152
43783857
43796688
43798066
43798182
43839906
43861887
43862019
43863220
43871423
43877015
43887414
43915842
43929302
43934939
43938395
43952341
43959490
43966180
43970662
43972927
43976157
43988040
44003141
44004969
44006914
44014046
44036366
44039815
44044149
44050962
44053249
44065450
44079753
44087772
44091211
44095366
44098240
44101736
44102949
44113901
44120557
44124468
44132062
44146632
44149088
44164655
44167844
44179389
44181555
44189092
44199025
44204754
44212504
44240044
44242612
44250320
44255550
44258344
44265856
44277642
44286017
44286769
44292428
44295407
44299099
44310438
44328992
44355803
44364395
44372505
44373791
44377808
44394755
44408207
44408411
44414139
44423354
44428702
44430527
44437990
44441097
44441184
44450324
44454317
44466227
44474775
44484029
44523201
44550125
44555781
44578545
44597527
44627257
44655430
44659510
44660038
44663938
44666353
44675781
44678735
44690050
44715379
44715756
44717464
44721177
44726245
44726940
44727012
44740720
44752883
44768067
44768713
44784852
44786520
44792707
44793345
44824750
44827724
44842461
44852648
44858755
44867133
44877919
44888534
44892890
44922034
44929772
44938187
44951000
44951927
44959110
44960702
44962948
44967066
45004378
45009158
45011525
45034284
45047398
45051327
45076535
45078431
45079875
45082574
45126542
45138912
45149613
45154959
45166375
45196677
45204718
45250985
45264385
45280716
45284839
45291472
45292553
45306832
45320635
45335117
45337528
45352309
45353552
45358639
45367200
45372668
45378063
45395450
45412671
45420561
45424079
45427340
45433475
45438455
45450607
45466963
45480478
45484481
45505753
45534957
45538176
45544038
45547605
45547905
45559114
45561436
45570697
45590156
45609789
45623504
45632935
45661662
45675228
45677784
45681720
45681993
45690630
45701190
45705202
45708951
45727594
45733173
45736697
45770753
45775621
45794774
45795871
45807300
45815228
45819242
45835739
45852802
45853031
45871268
45881362
45891463
45899221
45903277
45906134
45912643
45926064
45944645
45950865
45960281
45973309
45976660
45977738
45989967
45996280
45999971
46009079
46013459
46014510
46031954
46046807
46047275
46062543
46066616
46083329
46086632
46101439
46104098
46105174
46116926
46121751
46129951
46130102
46132018
46140228
46159916
46161990
46162993
46174005
46177766
46190329
46192569
46192593
46196011
46215981
46230327
46239677
46276966
46306727
46320166
46328500
46361135
46361534
46378733
46384076
46390417
46404824
46424273
46431855
46433354
46441892
46442667
46457144
46462604
46462752
46466559
46479614
46509007
46510673
46553090
46558198
46567608
46569956
46579840
46581462
46590362
46591264
46599179
46612071
46618678
46619322
46620466
46649998
46654806
46657837
46692176
46694703
46712489
46721569
46754688
46758074
46777355
46784751
46796737
46798200
46804694
46823324
46824747
46863314
46870184
46870758
46970526
47003663
47045570
47050619
47052120
47055178
47056229
47063573
47073110
47079417
47091462
47096606
47104631
47106407
47113894
47119857
47127020
47132000
47179805
47186754
47188463
47191284
47198514
47198798
47199909
47201176
47205897
47212407
47212673
47217560
47230929
47233134
47233854
47278067
47278529
47282067
47288131
47295363
47300980
47321852
47325212
47342331
47349951
47360701
47362099
47366176
47387269
47388045
47392822
47398709
47399137
47410075
47411535
47423510
47425841
47432518
47446632
47449403
47468117
47476784
47481917
47509087
47512740
47512866
47515121
47533477
47533993
47536378
47543132
47563106
47582119
47604237
47616700
47621666
47624207
47639986
47640855
47664660
47687961
47698321
47701835
47709973
47712359
47733461
47759601
47759608
47767428
47768436
47785240
47787932
47789199
47806692
47807345
47827663
47828064
47834016
47858266
47861524
47862961
47898911
47904316
47904937
47919256
47922323
47942451
47944737
47957176
47961260
47968481
47970979
47977053
47979877
48004475
48007046
48015821
48020531
48023474
48024895
48027152
48044930
48045172
48047917
48058234
48062109
48070129
48070961
48078123
48078410
48080681
48081030
48099156
48102090
48113452
48131666
48153485
48166702
48183375
48185750
48214296
48221233
48224447
48241799
48250391
48268778
48270600
48272049
48273774
48274217
48279089
48282779
48291811
48298860
48308110
48311890
48313126
48340165
48348626
48367243
48393299
48398491
48403881
48405020
48416535
48470246
48471027
48478620
48500916
48515481
48518917
48522583
48533259
48533525
48536366
48539991
48548201
48572084
48574946
48587968
48591124
48594064
48595842
48601129
48608737
48608747
48612902
48625684
48644368
48663928
48665809
48687707
48698868
48701798
48717379
48737636
48741079
48755009
48756284
48760364
48771139
48774588
48781436
48795366
48797685
48799301
48811069
48845238
48846096
48895178
48899279
48920214
48941146
48944401
48950880
48960372
48960517
49002334
49004774
49011957
49014722
49016699
49026642
49031181
49043070
49044900
49049795
49051612
49063320
49070243
49079072
49091997
49097219
49106551
49122482
49145732
49148267
49156224
49170140
49178161
49186308
49190259
49194589
49209138
49218618
49219570
49222115
49225934
49233083
49253313
49278735
49281215
49318417
49328102
49333274
49343797
49352713
49355481
49372217
49375944
49407054
49424409
49459766
49472655
49489908
49493969
49503733
49504763
49505338
49507980
49512006
49518481
49519549
49525436
49560555
49580647
49589356
49593400
49600436
49600823
49602276
49610765
49616243
49622687
49634171
49639112
49650863
49690153
49693065
49704078
49715124
49717748
49739177
49774895
49775747
49776282
49794868
49795396
49806490
49807966
49830146
49833028
49836701
49838396
49847463
49848090
49850342
49857919
49876309
49890212
49892255
49909845
49917431
49921512
49938908
49944980
49970447
49983134
49989668
49997906
50005789
50006398
50016479
50017241
50022426
50022629
50028928
50030549
50048327
50049909
50051701
50082039
50085211
50093082
50112047
50116313
50122817
50126116
50137814
50150736
50166946
50167234
50187362
50196940
50200007
50221148
50223115
50235914
50250202
50266718
50276758
50288183
50295222
50345333
50373965
50377264
50380650
50384910
50397190
50416720
50417513
50430008
50433134
50439380
50443181
50446631
50455462
50492049
50514346
50519251
50535847
50554742
50561439
50577513
50578963
50584799
50587873
50604249
50609762
50612812
50613874
50658848
50660854
50662253
50669907
50689746
50698809
50703201
50711725
50713226
50722242
50728767
50733658
50740145
50743059
50797379
50801949
50810385
50815668
50820402
50825612
50829711
50844609
50864345
50870329
50875537
50879517
50889649
50893457
50896876
50897562
50897738
50920627
50922586
50923474
50928073
50932135
50944277
50955247
50965761
50968057
50988839
51016034
51016717
51033780
51039169
51043483
51055438
51055512
51058378
51071056
51081107
51103542
51117348
51147955
51159659
51162763
51163515
51174235
51181796
51189303
51195985
51198637
51213572
51217888
51233732
51239001
51239221
51240595
51248970
51260252
51260877
51268312
51268559
51268818
51282343
51299035
51305515
51314135
51322426
51340998
51347524
51347832
51350745
51364061
51367857
51368385
51386693
51386925
51390309
51393731
51420457
51441959
51445806
51449483
51470539
51476504
51489294
51492206
51492964
51518641
51527068
51527593
51530992
51532036
51577240
51593595
51609667
51629132
51636024
51645688
51655649
51656959
51661597
51661955
51671812
51674439
51679447
51687119
51693424
51705978
51706337
51708658
51709618
51710340
51711808
51722325
51756847
51793969
51818330
51819561
51821631
51825599
51830383
51840026
51843903
51848539
51877379
51885013
51900005
51905984
51914291
51932939
51940860
51944913
51952445
51971366
51973872
51986656
51988913
51989872
52004588
52009528
52017446
52024527
52039192
52039488
52040260
52059109
52059369
52062407
52063861
52066635
52080211
52090794
52096977
52109035
52112221
52116963
52125555
52130626
52158553
52193319
52196969
52199054
52206999
52219481
52235726
52240435
52247317
52255527
52260647
52266358
52271045
52280720
52294635
52298551
52311945
52317412
52318687
52322129
52349282
52366885
52391856
52398366
52414828
52421819
52422457
52426897
52451725
52476577
52498525
52508750
52517836
52534548
52537363
52538448
52538851
52539078
52553042
52557445
52559500
52573452
52587490
52603215
52612143
52632646
52639879
52640377
52645667
52652362
52670212
52670308
52675110
52683558
52692368
52698690
52701610
52705704
52719849
52757221
52758684
52762950
52763959
52766135
52785637
52805384
52811501
52841035
52841454
52845425
52845851
52858509
52859108
52875811
52886648
52905354
52919161
52960229
52980246
52983212
52989201
52998676
53001661
53006016
53018369
53037756
53038734
53094797
53097628
53099688
53109891
53130253
53134235
53134835
53136181
53139101
53155168
53181969
53184667
53191349
53191560
53193681
53217006
53218687
53219606
53245461
53257533
53263078
53271445
53280461
53297179
53305981
53313414
53319778
53324509
53329742
53354332
53371236
53372135
53379356
53392811
53439410
53439463
53439519
53461413
53487133
53492870
53530644
53533850
53535780
53546402
53547332
53562271
53563814
53570880
53586030
53587014
53596872
53601744
53626224
53626910
53627608
53648329
53653624
53658648
53668896
53671074
53687989
53691555
53692081
53700054
53708508
53721558
53725148
53733538
53755643
53773848
53780879
53788957
53794515
53799933
53806056
53820179
53827522
53827647
53853929
53865302
53866006
53875302
53885984
53901610
53931615
53934222
53937918
53943130
53943597
53951129
53954751
53968249
53983215
53996594
53999824
54022517
54024043
54028120
54032813
54037272
54041842
54045423
54065111
54105922
54119797
54144607
54185952
54186355
54200892
54205068
54216919
54221796
54225531
54237850
54239364
54243610
54243904
54248846
54254669
54255380
54286193
54287488
54318125
54339124
54347562
54354611
54375038
54384936
54403659
54411140
54412024
54419207
54420386
54423886
54433949
54472079
54493775
54507380
54509912
54530481
54534057
54551754
54556004
54577575
54579286
54613234
54630607
54643165
54644892
54655707
54657012
54665067
54668894
54695033
54720769
54721966
54722489
54728362
54728401
54730179
54734394
54738531
54738578
54745048
54775298
54777032
54778321
54795890
54798644
54800564
54803933
54804819
54814355
54818105
54841259
54850078
54868523
54894520
54906837
54911920
54915042
54928783
54929251
54931536
54933303
54935379
54948064
54948439
54951363
54954013
54977329
54979491
54989026
55009964
55039069
55047377
55065284
55066837
55068730
55079376
55091575
55101799
55115078
55116478
55118574
55121742
55133464
55145688
55151317
55178643
55197311
55212028
55213155
55222519
55224932
55226721
55229429
55245040
55258591
55260952
55287399
55288685
55306703
55307902
55313227
55318411
55325868
55347856
55349606
55360567
55375186
55377188
55396669
55399360
55409644
55421639
55432138
55448073
55462388
55471098
55491188
55506876
55509080
55517803
55541376
55559901
55569041
55589731
55608149
55622291
55631070
55633980
55643937
55649840
55699363
55701217
55713188
55729476
55735512
55737660
55761022
55765765
55784325
55789573
55791623
55808703
55810290
55821734
55828950
55845602
55850527
55850899
55859352
55881460
55884624
55899443
55911547
55913168
55915896
55917524
55932320
55933051
55945261
55964573
55974172
55975011
56022890
56051046
56062748
56065554
56081246
56083428
56100073
56104814
56105825
56120097
56122121
56123435
56128672
56133363
56171350
56193323
56207303
56225018
56248095
56251049
56258570
56260914
56265925
56268316
56270054
56278290
56281710
56296990
56318184
56328028
56330393
56340689
56341212
56392934
56422346
56430616
56438498
56442270
56444317
56468490
56468945
56476439
56489283
56500543
56507666
56513878
56529164
56545345
56559016
56563970
56572791
56573674
56580481
56589079
56605665
56606187
56609538
56625895
56630287
56659033
56662194
56671721
56684134
56699316
56700373
56706482
56726446
56729167
56767204
56780484
56795370
56804312
56812347
56823545
56825622
56828022
56845505
56849667
56850497
56858021
56878864
56897428
56905569
56920385
56922100
56923912
56930308
56930455
56933000
56935821
56948801
56971920
56974514
56982413
56994336
56995779
56996005
57030147
57062211
57063952
57068857
57072623
57074219
57084428
57097551
57100414
57105878
57117823
57124222
57126700
57131000
57146116
57147435
57160367
57179870
57187085
57200401
57204379
57219855
57226419
57232825
57235131
57236292
57237851
57243237
57260201
57265179
57265417
57287600
57305594
57306399
57324777
57345315
57352170
57356111
57361525
57363299
57363386
57366431
57366929
57371637
57380655
57391256
57395976
57401991
57411837
57425090
57426265
57445221
57454194
57456995
57474495
57475853
57494559
57496749
57496803
57501415
57502178
57506320
57521636
57523803
57528219
57545981
57561560
57575960
57578718
57601732
57617983
57635614
57664750
57666046
57667140
57676988
57680582
57698325
57700357
57706535
57713167
57739633
57769268
57782459
57788956
57793884
57799490
57801199
57808975
57816478
57820367
57830660
57834080
57837249
57850033
57863048
57873121
57885867
57889195
57890929
57901099
57901338
57912713
57919314
57920931
57930080
57930947
57939603
57960141
57977913
57983182
57995437
57995942
58004869
58017704
58023558
58031876
58039482
58041996
58048240
58058185
58097279
58107930
58108464
58115807
58121738
58124942
58163343
58165868
58178089
58178255
58191930
58196533
58224411
58235333
58269050
58275891
58283288
58306520
58310991
58313763
58322881
58330015
58332155
58332822
58337533
58349576
58350493
58359094
58382879
58387032
58398340
58403748
58416169
58417508
58437354
58443503
58447167
58450441
58450834
58457066
58466763
58468426
58473173
58481629
58484712
58491936
58506800
58507391
58512249
58517264
58518000
58524352
58527766
58535623
58539745
58543774
58549606
58555404
58558466
58559360
58569285
58591478
58602254
58614892
58655331
58655337
58671082
58684778
58704875
58713732
58725215
58765957
58771917
58773914
58801254
58801555
58810147
58812020
58823162
58834282
58859959
58884837
58897413
58909727
58923188
58923977
58949014
58986202
58986531
58999543
59004711
59005382
59019014
59021797
59031416
59031785
59034116
59037882
59040132
59051078
59051746
59057155
59065316
59068398
59071663
59083235
59085914
59094327
59097057
59114628
59122229
59126915
59130259
59130782
59139575
59140952
59170714
59178771
59196122
59208487
59221341
59233733
59256831
59260004
59262116
59335465
59339572
59342928
59347881
59365972
59380245
59387232
59388661
59400552
59416756
59418965
59430858
59472510
59489188
59498982
59504402
59508239
59530031
59538044
59542058
59546019
59554170
59554948
59559115
59563833
59568269
59572973
59574640
59583685
59594297
59598587
59599998
59605812
59607650
59617333
59620946
59622604
59637382
59659162
59700422
59703593
59730933
59735490
59754898
59768494
59769963
59792041
59796117
59799589
59803873
59804840
59813010
59818863
59844755
59850418
59853720
59871085
59884739
59886341
59898175
59943614
59947443
59949489
59981019
59985224
59996270
60003311
60012182
60019554
60023979
60032777
60035663
60047189
60053577
60055252
60075340
60077436
60084494
60087463
60098893
60110757
60129341
60135838
60139317
60139498
60145471
60156250
60167930
60175024
60205608
60215003
60216221
60222320
60223295
60227305
60229980
60243249
60251776
60271957
60279417
60301923
60302353
60307062
60333460
60334330
60350980
60351101
60372816
60387142
60410730
60415532
60416856
60425041
60427728
60432739
60441212
60445196
60446766
60451120
60451851
60463324
60468562
60472047
60498262
60500910
60529380
60547026
60558554
60560706
60576656
60582953
60586142
60602475
60604856
60617251
60641925
60683107
60686826
60688698
60691069
60699593
60702328
60709053
60725154
60726829
60729342
60739366
60761935
60776619
60781128
60784920
60805972
60813134
60818290
60827881
60834341
60846609
60848514
60858350
60858413
60865155
60897639
60905063
60908293
60909640
60925757
60927198
60928129
60928831
60931712
60934050
60935600
60941898
60958936
60963547
60966535
60977157
60986755
60991777
60996652
61015653
61019107
61026660
61028022
61037182
61043081
61062353
61080062
61082690
61083115
61100297
61112147
61123887
61138713
61151867
61153944
61159667
61162929
61167497
61172456
61207280
61217417
61227972
61238005
61242375
61242507
61244788
61254174
61256057
61265539
61272219
61304766
61304785
61307253
61308816
61314219
61319599
61335205
61339544
61341565
61385163
61397984
61422346
61433759
61437478
61438482
61442959
61443854
61460115
61460921
61471658
61473524
61480283
61480809
61486661
61489296
61493684
61513377
61520329
61520913
61546728
61549615
61550661
61550859
61555170
61558710
61560766
61579336
61595636
61596960
61609764
61618905
61653992
61656930
61663211
61664194
61673763
61677132
61699929
61715488
61719859
61729121
61730635
61744350
61754697
61758376
61761658
61772425
61773023
61777744
61785955
61786297
61786883
61810048
61838667
61849447
61853206
61861208
61868792
61877667
61881849
61887462
61895631
61913343
61918266
61945575
61965374
61965797
61973756
61991719
62016597
62019995
62022362
62022365
62035239
62038629
62047888
62068829
62073274
62081511
62091981
62110954
62122293
62127746
62140017
62153011
62186259
62189299
62193998
62206301
62220395
62227828
62249687
62257621
62259239
62278499
62285664
62288563
62291261
62300516
62313114
62318531
62323279
62327611
62331546
62360026
62367337
62368825
62379573
62392451
62407294
62411587
62421428
62437543
62455714
62465775
62477223
62480348
62495699
62495881
62509464
62509593
62539491
62542190
62546892
62564636
62586786
62608346
62615665
62621338
62626523
62632734
62634239
62638131
62638748
62639095
62655244
62676260
62682316
62686678
62690856
62701084
62706920
62728221
62730726
62732463
62742382
62754319
62780773
62809310
62811398
62816431
62837826
62840882
62844585
62876102
62878028
62880358
62883389
62883652
62888287
62906973
62907128
62919887
62921615
62929527
62948649
62971076
62992205
62994998
63005142
63020925
63042680
63051499
63054310
63075097
63091056
63091702
63094715
63117286
63128438
63129221
63131077
63152161
63162939
63176774
63194087
63205138
63209842
63215756
63216964
63223079
63223799
63225705
63237892
63249585
63260189
63260728
63268713
63271954
63297699
63298833
63310388
63317012
63323705
63332114
63339818
63340126
63346704
63351065
63351601
63368152
63370118
63393627
63401770
63405777
63406200
63411774
63417462
63437187
63457897
63460488
63462522
63463204
63467724
63471638
63481243
63492544
63505384
63514108
63515075
63532485
63539054
63539440
63544790
63567944
63569732
63589298
63621229
63623424
63624510
63624983
63630041
63632672
63635376
63640144
63654692
63656036
63658089
63658497
63661699
63674683
63689484
63695462
63710703
63712787
63723673
63727084
63731190
63735334
63739768
63742581
63747245
63781212
63793145
63793352
63805443
63818671
63849613
63856824
63884501
63887934
63890333
63902536
63931765
63933063
63938617
63940945
63942584
63952356
63953843
63957525
63961405
63989522
64007397
64015542
64022561
64025087
64027499
64033622
64034525
64035930
64036278
64066719
64074775
64096464
64123651
64140376
64146240
64175154
64194367
64200140
64201875
64207066
64214575
64218261
64222453
64238548
64238790
64240960
64245160
64246048
64265906
64297593
64298359
64303768
64306898
64317779
64320883
64332103
64344721
64349000
64357064
64364652
64367741
64378906
64391539
64397736
64419932
64424674
64426585
64442152
64468660
64475997
64492461
64493098
64496769
64497541
64501993
64511892
64533278
64553222
64564467
64579132
64579513
64602074
64624006
64635856
64647162
64658742
64672349
64714632
64732334
64739089
64744433
64753493
64766311
64772536
64775072
64779793
64782319
64793524
64793905
64797499
64812475
64816693
64823498
64842277
64843544
64853873
64854865
64856099
64864672
64890551
64891842
64905629
64906389
64926708
64931207
64934035
64935086
64941621
64942710
64952622
64958569
64958579
64976592
64994388
65022221
65023434
65031221
65044973
65067702
65080252
65092660
65103636
65107921
65126961
65129396
65132239
65132649
65139869
65142091
65172021
65173776
65179553
65181136
65191827
65233996
65260571
65264586
65264793
65266735
65277793
65281957
65302141
65324932
65330428
65352128
65362171
65371364
65375848
65386213
65393236
65397430
65416959
65427618
65435731
65442693
65458188
65474553
65484190
65494850
65499950
65519394
65530725
65541370
65542377
65551299
65557882
65559700
65566454
65569796
65574805
65589385
65597347
65614729
65629747
65630599
65636867
65642838
65645260
65653298
65671813
65687198
65713689
65713727
65726394
65758375
65760540
65760860
65770238
65782368
65788490
65791470
65821624
65824575
65852297
65857785
65861820
65873041
65879795
65889316
65895144
65895471
65898142
65901469
65906995
65914020
65921824
65925023
65933514
65940562
65948695
66014859
66031749
66034804
66038049
66040934
66061210
66065767
66104993
66107893
66108543
66110369
66114330
66120584
66127384
66131777
66167526
66169537
66173940
66186222
66198087
66205580
66218320
66219593
66219710
66260557
66278679
66282809
66286340
66296019
66301484
66305289
66317359
66318219
66342220
66345020
66346774
66349389
66354777
66362607
66370422
66372014
66378462
66385620
66394951
66398318
66400954
66413334
66414833
66415431
66416487
66438040
66456803
66463608
66482619
66497030
66528870
66554429
66565094
66579671
66589234
66598796
66631137
66633155
66641282
66652750
66662470
66667083
66673314
66674844
66680038
66680373
66687060
66690578
66723985
66727311
66728776
66768060
66788587
66804264
66850894
66857023
66865553
66876514
66877677
66892255
66906654
66909418
66911613
66918549
66921875
66945471
66956099
66982031
66987031
66989389
66990861
66995132
67013151
67018216
67030691
67048709
67059943
67061106
67066683
67067774
67068740
67076614
67084771
67086709
67093665
67095155
67096224
67106633
67110714
67114065
67117471
67123469
67130688
67143254
67161462
67169577
67183241
67195650
67205109
67207932
67247107
67263511
67273037
67290776
67297163
67302598
67311744
67319702
67340410
67351777
67372065
67374969
67375842
67403913
67410682
67412385
67416882
67417620
67418052
67452245
67454663
67455134
67457723
67463092
67475334
67486532
67488714
67516031
67518289
67518306
67527924
67541727
67547332
67551751
67555680
67556628
67566218
67572312
67588901
67595813
67601141
67602539
67603569
67627491
67649218
67649727
67659524
67661887
67665489
67667056
67693510
67693985
67695195
67701531
67705521
67716194
67718512
67724615
67726321
67745286
67758935
67763589
67774259
67781712
67799785
67804506
67820353
67821908
67827555
67840936
67845864
67848817
67853281
67868190
67868337
67868673
67871449
67883278
67923722
67931964
67932705
67954250
67954303
67976970
67986286
67991143
67996730
67998613
68011903
68012266
68012636
68047446
68055290
68070740
68072816
68085200
68086816
68087450
68106110
68109108
68127393
68127798
68128991
68147121
68152576
68169946
68177820
68178905
68194780
68199075
68214942
68226988
68232264
68238839
68242320
68242987
68273009
68332094
68338439
68348461
68354409
68360255
68360867
68365553
68411709
68420514
68430591
68439371
68442993
68451246
68468659
68482469
68488375
68511525
68515959
68521954
68528954
68532052
68533173
68556313
68559351
68568503
68575724
68584153
68589747
68606230
68609858
68620378
68628327
68634135
68641746
68651312
68658182
68661539
68663398
68665298
68695994
68721507
68732088
68738032
68738544
68743403
68752604
68758569
68790452
68800364
68809211
68821867
68825300
68840016
68842561
68842728
68874897
68874959
68930884
68939509
68945534
68977609
68983974
68991660
69011363
69014275
69031280
69036404
69052192
69056522
69068604
69091803
69091944
69095413
69106943
69114798
69124679
69125670
69134358
69134614
69136089
69138162
69184502
69186648
69191758
69196668
69201345
69225657
69242404
69252499
69255212
69268412
69273969
69279695
69282830
69284335
69284869
69290031
69312452
69318004
69319335
69324010
69357791
69372685
69377053
69381446
69382593
69395295
69397969
69398022
69398490
69407545
69411064
69421688
69454136
69465043
69487432
69489442
69498524
69512216
69521778
69521983
69524137
69544696
69546816
69555124
69555320
69564847
69576236
69587661
69592907
69597887
69603308
69612028
69618559
69630523
69635147
69636314
69645191
69659665
69661870
69681155
69688053
69696335
69719241
69729429
69736702
69741316
69743831
69766559
69768622
69778640
69785769
69788911
69790256
69808457
69832994
69836766
69838390
69841152
69841739
69848353
69885148
69886052
69904485
69930053
69932266
69945527
69969113
69971071
69975067
69979738
69983236
69986685
69994189
69997444
69998429
69999198
70037892
70044214
70052296
70058750
70070644
70074986
70076161
70078998
70083815
70098722
70100825
70106536
70112347
70113699
70132812
70145168
70150988
70153980
70163995
70194690
70205040
70217430
70219961
70227579
70236240
70251659
70252157
70266900
70270085
70300427
70307160
70312510
70312803
70330173
70332292
70335652
70338387
70342071
70350116
70362830
70376008
70380502
70382939
70432065
70434091
70438580
70444952
70447545
70451831
70455114
70461137
70496275
70497825
70505809
70527869
70531545
70531724
70539893
70542987
70546501
70567946
70588539
70590955
70591681
70592464
70593990
70604556
70608997
70616480
70620029
70640454
70644313
70679629
70699371
70708816
70722724
70763629
70764104
70778727
70783787
70783927
70792790
70809730
70810727
70819557
70821770
70822439
70846979
70847020
70860328
70880551
70883931
70902049
70902474
70917146
70923749
70939774
70948443
70951033
70952291
70954659
70955577
70958868
70991864
70992686
70995768
71008112
71009982
71013917
71046071
71053915
71066684
71067287
71112975
71128266
71132807
71153639
71154054
71156790
71174673
71241915
71244610
71273931
71314700
71318884
71335289
71360295
71369569
71391336
71406045
71409539
71413593
71428165
71429287
71432516
71453218
71467443
71479392
71483929
71493507
71500307
71509398
71542159
71544001
71551206
71552378
71552684
71577527
71584097
71589929
71592435
71594179
71598352
71613772
71620426
71630230
71645324
71666232
71680491
71688285
71710853
71729706
71741037
71772325
71805651
71811861
71818866
71823877
71824183
71826229
71837519
71864188
71869073
71869877
71872712
71876154
71897902
71902013
71929699
71931974
71935498
71936206
71936345
71944070
71953259
71955806
71964584
71966082
71972227
71977096
72003499
72004858
72018901
72030209
72065855
72080084
72099160
72134160
72137254
72140837
72144583
72160377
72170618
72185330
72206423
72212644
72218395
72230538
72233773
72237991
72253803
72272383
72275638
72283371
72291316
72293714
72294205
72308893
72319782
72324529
72336064
72351049
72357022
72375311
72376251
72383919
72394786
72395316
72427958
72430409
72441498
72447789
72449029
72454273
72456571
72476957
72504045
72513804
72514749
72521201
72534436
72537407
72546480
72556049
72556748
72569331
72598667
72599082
72602944
72603341
72616151
72646320
72649025
72654002
72654236
72684754
72697031
72697429
72699797
72718697
72723266
72726133
72755248
72755949
72765372
72766033
72768519
72771088
72781387
72787611
72787753
72801269
72810359
72814537
72826880
72829371
72867164
72880717
72953492
72958551
72964069
72964742
72976610
72979965
72989074
72990859
72992921
72994759
73026696
73027022
73040188
73062777
73088966
73098719
73098730
73108325
73126483
73126671
73136465
73146366
73147673
73166258
73173579
73180589
73185116
73193158
73194317
73213815
73223917
73233951
73249545
73254995
73278164
73283054
73295970
73302459
73303057
73320597
73327173
73353168
73363928
73364048
73370371
73381801
73389602
73393072
73403254
73407152
73453827
73467898
73483210
73492263
73519158
73533156
73535377
73561115
73573945
73579877
73584258
73587706
73592123
73596453
73599620
73602006
73606651
73608855
73620944
73657345
73660894
73678401
73699278
73702006
73721361
73729137
73731988
73740021
73749745
73756860
73760210
73760990
73784583
73790600
73803641
73804031
73804813
73812768
73833754
73834747
73840120
73843904
73847058
73849736
73884093
73896251
73896350
73905627
73920882
73922634
73931259
73940209
73951470
73963688
73978574
73979284
73994404
74003807
74014062
74037530
74047757
74064811
74076704
74084265
74095335
74101997
74133432
74148238
74155162
74164156
74170561
74173830
74178060
74185684
74201821
74213862
74227775
74234912
74240603
74241840
74250466
74255709
74280844
74300160
74306118
74310660
74316896
74336190
74342765
74363527
74375151
74396902
74440303
74440996
74462576
74500019
74520587
74520768
74568993
74612002
74644206
74656529
74683754
74686267
74697544
74728801
74757682
74769683
74779349
74787915
74790168
74795573
74817215
74817538
74837132
74840697
74869547
74899332
74902612
74934083
74934166
74962437
74984771
74985523
74997789
75011241
75016153
75033781
75035517
75070521
75078428
75092233
75093968
75111417
75117571
75122024
75129260
75133555
75137094
75162475
75172852
75182558
75197565
75219581
75226533
75227012
75230512
75235700
75244106
75251382
75257254
75273069
75273071
75282728
75301849
75325134
75325190
75326355
75330779
75333072
75353868
75360471
75362982
75364318
75392930
75413819
75414572
75417971
75427442
75438612
75463463
75472853
75513478
75538964
75555299
75558393
75579874
75584367
75587336
75609798
75619936
75641258
75644089
75654097
75655155
75657140
75657164
75696041
75704295
75709547
75709581
75722878
75731247
75732465
75732982
75737909
75756053
75765469
75770078
75781339
75795796
75800534
75805531
75842712
75860357
75860526
75863963
75880901
75893146
75895370
75913507
75939406
75948991
75951481
75959087
75962200
75964801
75970391
75972867
75973446
75973726
75976175
76002085
76003477
76040832
76047379
76055506
76066824
76084116
76088163
76113403
76118011
76118048
76137084
76144260
76144446
76178843
76181650
76222119
76239076
76249618
76259290
76263594
76287405
76292412
76302174
76316521
76343868
76352894
76366882
76371513
76372676
76386406
76387622
76389608
76398080
76410460
76411847
76413660
76416716
76423570
76424113
76434448
76445457
76451123
76458529
76465525
76465579
76493050
76515533
76518425
76543205
76544787
76552308
76554117
76563608
76580147
76581061
76592458
76621816
76624375
76629015
76640476
76642706
76652412
76658901
76664802
76675064
76689045
76692554
76710642
76728776
76735694
76742844
76746611
76747831
76750775
76758559
76760173
76760880
76762846
76764675
76786284
76821960
76841726
76845868
76855038
76862196
76873240
76879423
76892106
76899329
76910724
76913409
76916269
76931160
76938538
76951991
76956092
76967543
76995783
77031837
77042451
77046938
77050679
77063058
77065588
77067344
77071651
77071897
77077405
77109851
77112707
77133806
77166932
77175630
77221776
77233414
77260169
77274302
77285876
77352862
77381837
77403026
77403418
77420195
77424006
77429180
77465264
77474125
77477698
77501285
77534613
77548198
77586116
77593403
77595712
77622265
77622380
77622412
77623446
77623899
77630881
77643993
77656314
77658539
77673664
77681670
77697186
77700364
77722142
77726213
77726462
77732487
77739579
77746496
77754896
77797142
77799549
77809990
77810706
77812826
77822035
77824727
77834826
77866914
77869268
77891005
77896121
77896621
77907582
77912558
77948637
77991643
78021923
78026314
78026890
78031039
78057648
78058459
78060343
78061966
78092415
78094076
78101487
78110557
78124544
78132781
78133971
78142673
78158592
78159901
78161024
78168895
78169992
78173245
78175511
78176011
78208090
78209982
78222810
78223178
78238888
78241832
78249389
78250851
78273022
78275517
78276900
78282050
78286498
78300917
78303585
78311613
78312040
78313814
78330718
78339026
78347484
78349453
78353240
78363437
78364013
78372087
78389188
78390690
78401065
78410425
78416905
78418381
78436215
78437514
78441451
78447722
78457028
78460151
78486431
78489512
78505131
78510658
78520914
78527886
78528836
78550749
78569353
78579677
78590722
78618132
78628671
78631791
78642580
78658649
78661147
78687194
78691367
78727383
78734343
78743417
78757894
78758868
78763323
78766583
78771502
78778710
78785665
78791598
78800988
78809427
78825264
78827621
78832696
78851693
78856099
78859451
78860692
78866789
78875755
78887650
78894418
78909876
78925434
78929661
78941798
78942191
78946938
78951511
78952711
78957585
78959357
78970305
79012244
79024928
79071933
79090163
79092149
79100717
79110250
79132025
79156295
79208514
79213971
79230615
79230634
79251676
79269486
79277462
79277521
79285075
79288770
79307317
79328344
79340287
79349350
79364525
79367588
79394720
79418793
79437369
79452302
79453163
79500882
79508660
79519094
79545101
79552422
79565752
79567098
79586352
79586943
79590803
79597620
79601619
79606588
79609062
79613446
79613669
79656716
79658553
79667175
79676622
79697119
79707511
79708856
79716921
79727556
79740911
79746651
79753308
79760285
79769874
79798210
79812488
79812548
79821975
79825226
79826028
79826197
79838338
79838785
79854794
79873021
79904758
79910251
79926310
79928090
79930520
79931639
79932167
79947871
79956676
79959149
79970730
79973394
79997115
80014229
80031494
80033233
80034651
80048919
80059634
80066443
80066711
80072311
80092375
80092920
80117105
80120745
80124631
80148050
80153963
80156252
80158014
80161678
80185221
80229186
80234345
80249495
80253272
80266907
80271713
80279150
80297521
80336060
80339524
80383216
80391365
80392119
80392417
80416109
80436233
80457997
80472448
80474731
80476307
80484354
80487268
80520775
80523402
80525673
80529089
80532354
80538211
80539510
80540793
80545387
80553132
80581797
80582170
80586710
80599084
80626308
80632693
80643572
80652512
80672421
80673365
80673869
80676801
80686532
80688969
80699781
80703815
80717498
80731521
80743715
80745136
80751316
80759410
80761488
80774107
80774884
80779101
80789474
80790972
80793813
80809982
80815044
80815568
80825499
80825774
80897877
80933834
80937293
80939797
80949986
80952545
80987279
80991925
81002625
81013016
81022118
81048701
81054995
81069372
81093540
81101071
81107427
81107715
81137054
81139955
81156402
81158259
81163977
81166055
81197148
81231234
81235226
81238369
81241765
81250349
81281936
81285496
81300277
81300641
81303245
81324399
81328284
81328744
81342031
81349760
81352144
81371072
81372666
81377641
81389781
81396431
81402881
81407304
81415731
81417001
81421459
81423193
81458344
81473288
81507483
81510194
81542911
81547493
81554614
81555548
81557902
81562132
81563568
81565223
81580358
81586463
81603779
81629562
81663085
81663711
81673995
81675697
81678090
81704466
81710977
81727423
81741094
81745324
81759933
81775103
81776606
81782961
81787099
81804879
81808900
81818331
81819844
81822533
81823210
81831856
81842895
81844005
81849986
81861665
81865382
81865403
81867110
81884514
81888225
81904496
81906068
81960563
81967108
81975432
81983190
81985346
81996881
82003468
82013269
82013716
82013725
82015655
82033689
82057085
82066758
82073151
82093158
82109769
82121967
82160566
82161106
82188476
82219509
82221688
82222923
82228371
82233606
82242276
82244682
82253783
82258568
82266293
82267838
82271439
82284036
82298620
82307667
82308521
82309684
82317438
82327332
82337114
82361000
82374431
82376559
82411894
82424985
82437010
82437320
82437382
82440679
82458786
82473736
82486165
82488057
82489669
82494444
82495928
82497402
82541615
82549897
82561143
82567095
82567889
82578554
82586187
82586513
82600522
82600629
82617084
82627164
82633978
82635375
82654785
82658453
82665751
82673568
82683632
82691913
82697206
82709134
82714112
82725532
82734756
82735370
82737870
82822227
82824446
82828490
82839584
82850804
82855254
82864470
82873052
82881029
82884657
82890259
82892632
82903593
82906849
82922732
82923918
82947696
82970154
82972372
82980182
83011997
83023693
83033531
83035538
83037406
83054829
83062961
83076068
83076210
83082952
83085381
83090865
83105527
83111843
83121989
83124898
83128249
83158882
83180744
83181937
83186183
83186510
83192488
83197422
83199293
83204083
83221168
83231184
83241385
83242659
83247053
83257296
83273400
83279516
83300878
83312788
83315248
83316961
83325415
83328575
83360038
83388610
83423774
83431494
83447904
83451321
83458033
83462539
83464688
83471119
83482063
83483074
83484056
83489328
83494435
83496249
83499592
83525712
83526877
83533487
83542744
83550731
83551892
83566054
83569590
83573292
83580884
83595652
83599867
83602048
83620092
83620297
83638531
83639274
83644186
83647425
83654961
83658035
83659840
83669923
83676718
83702378
83705614
83706746
83717777
83729006
83729898
83735690
83763107
83791238
83835027
83842651
83853370
83868896
83884389
83889307
83899803
83904271
83929040
83932772
83935089
83941560
83943430
83952970
83975811
83983297
83989740
83994463
84019805
84024233
84043005
84058902
84065881
84074669
84079925
84110236
84115531
84117069
84117692
84131599
84159961
84175533
84177032
84181740
84184379
84191887
84195630
84216445
84219322
84231281
84234892
84235296
84253391
84253542
84255092
84259627
84265951
84272569
84272910
84274313
84278488
84286420
84301498
84331755
84339254
84344375
84359779
84362315
84367348
84388863
84393816
84402776
84411033
84415683
84452549
84479738
84498474
84513965
84520657
84529534
84553428
84559699
84562918
84599286
84614124
84622983
84625384
84627412
84630582
84644048
84649933
84658132
84664187
84669197
84673504
84678991
84680053
84682815
84687731
84690515
84692453
84705744
84745449
84750443
84761514
84763055
84772248
84773946
84794589
84799154
84838220
84879575
84929102
84933104
84944745
84960420
84985645
84987112
84989579
84993693
84993939
84997344
85012311
85016255
85038191
85039680
85039746
85040313
85043158
85046743
85049369
85051097
85053626
85067891
85068496
85078912
85083456
85093956
85107078
85111077
85118917
85122032
85133610
85146010
85155476
85166651
85182974
85187359
85190885
85195795
85211446
85222578
85229498
85230303
85231786
85244747
85263758
85273687
85293432
85293757
85302702
85311066
85325992
85336726
85346669
85371364
85382198
85422982
85453414
85524935
85550783
85553632
85563347
85565393
85567841
85577475
85590233
85592463
85601289
85603662
85607607
85617911
85621101
85634619
85678658
85684760
85707141
85712699
85728115
85736980
85759619
85772966
85800278
85807845
85827291
85829525
85832147
85836328
85838414
85839485
85882619
85892287
85892731
85924548
85937277
85939630
85940095
85946849
85947423
85958061
85973699
85973875
85974304
85978721
85981734
86000607
86011969
86015124
86018259
86018651
86054167
86054869
86081873
86086798
86088555
86104753
86112872
86118039
86147996
86151968
86160005
86161776
86169928
86172999
86179626
86184196
86191463
86197958
86217289
86228673
86228810
86234505
86236838
86238667
86240680
86253312
86256060
86263304
86272597
86273155
86283031
86305285
86322441
86347773
86383901
86385386
86386268
86386731
86398721
86398820
86408739
86410991
86431284
86444596
86450177
86459364
86480554
86485606
86489621
86496972
86534067
86534528
86535896
86541316
86559645
86571264
86576135
86577441
86578602
86586134
86604242
86627801
86660426
86675337
86678317
86686261
86688291
86689890
86728785
86731281
86733453
86733475
86738284
86783834
86796678
86811703
86825375
86828450
86840858
86886663
86887773
86889176
86893590
86894896
86901382
86905843
86906294
86910107
86910448
86912587
86925966
86946933
86947684
86955172
86958630
86960167
86967927
86981535
86988627
86996291
87021274
87023296
87023982
87030926
87056114
87061926
87068518
87070303
87077203
87100166
87100745
87120707
87121790
87129130
87130214
87135778
87147580
87172967
87176963
87177595
87210549
87212000
87220201
87221678
87239328
87245045
87251566
87251686
87256435
87258437
87263348
87264538
87266788
87274532
87277243
87278404
87281581
87289923
87293404
87298662
87299523
87313237
87315014
87347213
87354841
87361058
87374526
87377646
87379937
87387123
87417813
87437924
87446364
87460004
87461235
87468166
87479045
87483936
87505396
87511884
87512466
87524940
87526248
87537216
87540315
87563594
87564025
87570469
87595726
87596987
87597050
87602554
87619475
87632007
87635438
87636508
87659301
87692139
87715044
87728560
87764120
87777261
87789088
87800505
87831490
87855625
87864913
87868018
87870016
87878189
87885009
87914669
87918295
87918434
87919157
87926234
87935400
87950220
87959127
88011130
88064057
88074318
88080758
88088531
88116492
88119675
88121276
88127090
88129411
88142808
88161273
88162004
88167344
88175153
88194184
88213807
88217178
88222036
88235951
88243724
88249101
88249557
88251189
88253850
88269767
88281774
88322986
88323722
88343488
88353338
88362145
88388080
88390303
88402409
88407379
88420225
88420379
88423311
88427041
88432852
88446583
88447503
88450994
88464211
88474387
88482037
88490616
88498689
88503449
88524481
88531891
88543784
88549657
88556215
88559985
88576722
88584813
88586149
88602322
88625038
88635224
88655407
88671656
88673850
88674422
88683187
88716572
88718983
88723600
88735919
88753249
88754867
88755291
88769367
88784031
88801298
88810641
88817026
88827749
88837126
88843000
88862375
88879142
88899668
88916009
88919944
88920723
88924441
88928587
88932523
88934282
88948646
88953411
88960147
88961545
88963358
88967868
88970734
88972183
88983008
89001447
89028325
89030817
89038215
89073292
89075802
89084850
89092145
89095750
89101558
89112996
89113276
89114254
89115374
89121113
89127913
89137253
89137601
89170911
89185063
89189944
89193638
89202682
89206536
89212030
89239099
89246894
89269792
89272816
89273689
89278220
89278348
89286195
89289458
89294366
89303404
89310419
89335573
89342113
89398264
89399440
89401644
89405274
89414003
89441723
89442467
89490089
89506277
89511424
89515051
89516720
89519543
89540625
89542750
89546121
89559690
89561855
89561987
89566617
89603820
89613293
89616327
89618163
89641722
89662832
89689811
89695353
89695690
89706640
89725421
89727869
89733028
89734415
89737923
89741246
89741265
89745381
89756001
89761403
89764462
89780456
89786763
89798503
89799064
89804617
89806304
89808994
89810343
89818226
89840658
89849980
89858128
89873653
89884210
89884214
89900448
89905827
89906615
89908153
89911786
89923338
89934201
89956357
89959679
89975393
89984968
89995337
90018200
90028450
90052899
90075192
90105680
90119449
90124044
90129519
90144841
90147292
90158424
90163597
90170796
90172118
90178672
90183569
90190200
90201951
90202942
90203042
90206739
90248211
90248831
90252287
90254452
90255607
90261638
90284609
90289183
90297308
90297606
90301546
90316051
90316865
90319686
90340953
90355751
90360039
90360323
90374740
90375209
90386613
90391769
90407583
90410342
90429023
90430834
90432424
90437482
90438726
90441786
90453710
90460891
90469744
90482263
90502571
90506820
90524686
90528484
90533450
90592287
90594835
90604065
90622442
90631245
90632379
90646955
90655055
90665877
90669012
90686836
90687458
90692548
90731807
90742980
90749197
90751835
90751962
90756574
90773780
90802985
90819588
90821118
90828958
90834613
90835379
90850555
90863135
90863808
90885901
90900860
90919201
90941913
90952497
90966247
90970970
90993925
90998585
91002731
91016382
91016894
91031188
91034183
91043114
91057275
91068993
91111570
91120065
91124325
91148889
91160997
91166613
91180556
91187271
91192332
91194453
91199547
91200984
91200999
91221959
91223772
91251897
91269914
91270113
91276649
91283849
91299045
91303039
91305763
91309280
91312157
91317424
91373361
91419691
91448013
91460070
91489612
91493107
91507182
91518244
91519074
91583313
91592993
91605818
91614473
91619452
91639849
91650766
91653840
91693252
91693992
91702915
91717736
91730569
91734013
91734962
91747761
91752013
91752680
91753160
91802168
91807861
91817715
91830923
91840693
91847206
91851445
91853840
91865838
91876576
91890973
91892078
91896257
91928276
91930087
91951716
91958331
91994703
92005961
92015791
92016916
92019179
92020006
92026264
92033855
92061956
92065244
92075721
92080218
92107314
92113528
92137319
92153229
92168747
92168797
92204315
92219909
92221703
92243727
92248084
92248645
92298165
92301961
92312347
92316321
92316839
92319183
92329851
92337375
92376891
92389010
92405586
92414792
92424111
92424827
92436242
92451718
92464506
92467363
92469979
92473953
92475736
92480040
92486582
92512635
92514584
92537700
92539890
92543400
92560280
92594656
92604497
92608220
92621642
92666179
92673916
92679494
92680278
92680290
92693949
92694466
92715947
92718969
92720526
92726999
92734181
92739939
92746865
92751292
92771705
92775369
92779060
92779729
92782031
92790303
92813422
92827582
92834089
92836746
92837428
92854799
92864739
92866709
92880326
92881477
92887187
92888520
92894055
92899425
92901797
92908774
92908787
92926188
92945291
92947916
92953458
92974908
92983400
92984695
92989713
92996731
93018447
93047007
93063607
93088819
93096738
93122791
93144948
93152850
93161016
93166086
93176806
93182923
93196608
93197245
93204470
93209064
93221469
93234985
93239978
93248940
93264747
93271515
93277745
93301205
93305653
93307268
93310860
93321448
93328564
93344449
93358705
93359436
93361474
93363660
93363665
93395299
93408669
93408980
93417088
93422884
93424001
93440290
93446133
93453149
93462291
93468949
93494509
93525274
93529278
93530397
93533316
93549108
93553448
93554898
93556254
93565998
93573696
93600351
93605230
93616774
93622513
93640000
93654802
93662120
93668007
93690019
93692223
93692393
93692468
93692624
93700269
93702837
93705905
93707174
93711070
93715255
93729937
93733570
93747568
93752252
93752763
93771115
93775271
93776087
93776585
93778909
93779598
93784175
93794446
93809395
93817989
93820719
93829115
93831261
93841791
93850329
93869233
93895660
93897064
93898266
93916393
93920277
93920548
93941448
93944085
93964818
93965163
93968822
93970357
93974563
93992070
93995206
93996901
94003679
94018116
94033508
94050868
94064708
94089799
94101460
94103380
94123524
94143856
94150589
94154975
94158046
94164058
94227159
94228605
94250511
94263990
94275562
94276497
94278942
94292834
94294854
94310511
94312443
94315987
94320049
94363993
94366536
94368887
94376040
94383740
94409955
94417118
94435623
94449449
94467674
94474085
94475911
94484307
94490045
94509516
94515665
94524887
94532488
94533425
94534860
94551063
94568601
94569860
94573098
94582865
94588731
94600732
94606395
94633492
94637621
94662828
94667802
94702828
94716710
94765183
94774798
94778757
94789617
94795548
94799394
94800458
94812096
94812673
94818569
94834708
94838295
94848055
94860990
94870003
94870332
94873012
94894872
94895488
94905273
94907765
94909966
94930603
94933230
94942598
94951982
94978911
94992252
94998207
94999260
95002973
95005434
95008072
95041652
95043914
95047221
95048615
95054400
95067411
95067631
95093794
95109254
95143008
95146389
95151949
95162946
95165475
95173027
95183228
95194289
95206088
95210247
95229131
95229231
95250398
95264430
95279138
95284253
95315190
95318642
95353559
95363431
95384936
95416245
95421161
95430351
95446214
95447096
95447678
95453216
95477733
95488100
95495353
95497169
95506603
95522789
95525214
95528485
95545738
95560390
95575412
95584978
95596190
95605142
95609654
95614927
95617741
95618018
95636134
95645154
95705351
95728075
95742005
95742571
95748443
95752497
95754159
95760579
95765564
95773465
95790751
95792888
95796169
95818218
95819134
95833905
95835228
95864644
95870135
95870750
95876036
95881024
95882893
95887313
95894928
95895711
95902253
95918398
95919227
95928473
95930502
95932176
95938523
95942673
95947435
95969385
95974799
95981194
95988575
95994955
96007605
96032078
96046817
96049837
96062691
96071037
96077503
96100397
96105295
96124571
96136449
96156156
96175715
96176611
96187403
96232667
96249306
96251229
96254744
96260919
96263050
96281781
96292114
96298820
96305412
96306779
96332900
96345291
96347883
96361796
96383663
96397562
96397936
96398320
96431320
96453548
96460792
96464826
96486163
96494367
96506559
96517662
96521990
96527883
96551155
96557995
96567605
96571321
96573875
96579876
96580028
96587554
96588197
96589163
96594205
96597963
96600336
96607746
96610465
96611716
96615421
96627990
96641569
96660877
96675987
96678230
96695708
96696411
96698292
96708309
96708603
96710969
96720122
96724901
96730267
96746218
96770419
96771573
96775571
96775615
96777153
96792555
96795450
96797826
96803054
96803475
96804231
96807216
96810061
96811686
96819907
96824917
96836585
96846139
96850759
96854700
96864040
96867693
96879407
96912957
96924783
96937296
96943041
96949150
96972985
96979739
96986456
96993325
97004260
97006714
97017278
97017507
97028195
97037527
97047867
97066344
97070494
97075064
97092846
97098379
97110525
97117709
97121502
97139929
97145562
97147133
97170193
97170873
97177628
97199098
97232848
97246628
97260955
97262134
97268487
97272074
97310009
97313167
97327247
97337409
97343219
97360880
97372352
97374035
97401277
97406302
97412673
97414566
97415276
97415639
97459669
97472034
97490982
97493038
97505574
97526498
97532953
97533390
97545035
97550967
97570346
97585094
97585213
97629663
97633090
97667466
97668169
97681544
97688648
97693853
97702678
97704858
97714310
97740068
97752193
97758708
97768928
97773663
97780503
97780888
97782018
97782200
97791795
97798792
97824430
97838268
97838281
97855982
97865018
97872178
97872238
97908686
97911118
97918554
97943191
97951442
97958661
97963717
97983751
97986672
97996294
97998256
97999005
98012140
98024599
98053046
98061925
98063165
98071876
98072389
98079143
98095361
98110155
98112129
98127427
98135632
98139521
98151996
98166961
98172253
98184290
98210362
98211699
98218889
98223475
98229380
98235052
98247317
98247399
98272715
98320217
98340246
98342587
98355224
98374556
98381446
98401853
98410176
98412404
98418335
98420283
98420516
98433221
98456900
98470948
98484919
98487058
98494135
98500887
98501591
98503368
98503518
98510907
98511878
98520821
98522059
98522962
98541562
98545157
98545797
98558537
98558894
98571476
98587439
98589170
98593558
98607170
98610306
98611971
98620206
98631555
98636933
98648477
98687897
98708931
98740287
98742756
98743031
98755637
98760603
98761493
98763839
98808188
98808730
98844043
98849429
98859904
98869131
98869656
98875481
98880749
98881832
98918771
98919436
98927132
98932280
98950596
98978236
98994266
98998767
99005743
99019602
99028630
99047040
99065115
99066396
99071559
99104676
99122226
99125115
99146921
99156810
99172511
99180539
99201224
99202526
99222279
99236806
99240196
99241405
99241531
99244747
99255934
99256520
99276183
99289917
99329798
99342668
99362981
99380656
99384783
99387485
99390626
99400080
99410407
99417459
99418105
99430200
99434857
99436047
99460176
99496535
99496824
99497352
99505156
99515630
99548265
99556082
99563253
99573489
99585089
99593954
99598178
99621244
99621320
99632283
99634682
99637733
99653304
99655222
99668020
99675896
99711922
99719039
99731333
99735046
99753832
99767142
99772998
99773993
99780749
99794759
99798374
99808605
99825598
99846135
99847824
99852849
99855400
99862723
99871491
99874863
99879069
99898972
99905995
99918145
99924156
99938336
99943198
99945848
99951525
99965242
99980317
