16243
8746
26500
14185
28308
116
24799
2282
21140
5920
28690
4077
5369
27122
18656
13304
14007
3927
7183
18056
22507
10572
15551
25361
10187
25980
12282
4160
4317
18600
23180
1667
30056
18764
16661
16331
4137
32128
3676
13457
19782
24604
21478
27159
12168
28959
14536
13808
5572
13650
2745
23234
29850
22824
25963
25163
22626
31465
25628
22690
17252
24591
4456
19647
15431
6641
2401
14910
8397
23966
481
16480
4285
4876
11551
19027
1312
24434
10881
3251
26543
12018
31153
31824
16013
379
9203
8754
16434
32494
4022
28890
25511
5759
12904
32459
16633
11615
5263
19017
21992
8344
23574
27233
735
7736
20708
20777
21545
6577
4020
841
27489
24448
24352
26810
7466
3085
23294
6862
5921
27090
27120
21361
8720
31424
12599
25006
21605
12510
31432
18293
18658
6708
16802
25755
11669
999
22622
21282
16139
22693
24072
22715
961
15939
29997
4489
23515
13989
28981
14376
14616
18399
28147
12014
4870
28569
1403
11888
27506
26040
6196
15688
30499
29243
23342
21782
16072
23138
8373
22725
19502
10518
3878
16400
14262
22149
14849
7236
10759
4877
20800
23111
9728
14683
23271
26073
12016
11220
10973
4634
7946
8499
3322
27468
16915
9332
21857
21979
2142
19442
19216
7834
26106
27596
8373
24656
12842
18316
28611
25203
6933
1803
27078
21811
447
29327
13300
3771
21048
14903
8452
11699
11284
19609
15683
17673
28442
169
24804
29937
65
5853
15511
5418
23256
21902
5214
21635
16900
17570
7324
29087
9839
19560
11631
28917
5183
15299
16448
29722
15685
31115
27545
5699
29559
25904
20790
29190
10145
10912
12894
13408
16471
3435
7796
24828
23854
28453
28617
11186
23084
5389
2740
2895
10108
28907
4837
27028
18790
28991
2806
5249
5247
7319
4675
21715
31261
31809
13564
19915
30990
6690
632
2609
1674
5606
24012
23193
869
5466
15517
26853
4489
5141
18482
9483
23972
22110
5325
28440
12574
842
25404
8821
24654
10789
8363
26217
26861
14099
6332
26592
21707
6903
3546
24683
13504
10900
11210
3719
18406
30963
2178
802
8965
12548
10047
26715
27727
12935
12754
9610
32590
30253
23610
1152
3354
31995
9848
15376
3279
20208
28831
974
4158
19687
5419
5398
20707
22975
32147
15696
2328
7864
25890
25971
28039
28448
15874
13000
23269
3888
27802
9457
3038
25137
19738
21801
27467
17378
14163
15053
22187
4382
29901
6428
25809
9146
23827
31291
1242
17837
3154
23419
2402
24435
26658
28383
29688
26035
26276
5593
5326
18975
19405
31061
21173
29595
20737
25336
12105
418
27364
15274
23401
24294
8557
21330
28651
26423
11836
21984
7821
9382
21805
4497
28462
26602
11053
29294
23870
16387
16204
22295
26995
5405
23060
8894
29629
27318
18201
12406
29053
3331
23762
2990
21490
11664
13991
4600
13043
13096
21835
25104
4068
16628
6476
15385
17635
14566
19433
14121
29762
15705
10787
28680
3130
30193
9751
5429
13021
7113
21130
29738
11853
4301
11462
27617
7468
1636
14501
26775
4947
30547
8939
19664
28359
30942
24024
27547
30952
10031
27646
30743
10220
12540
19793
3638
5260
18021
17021
14529
30717
28443
23164
6301
17954
3015
32359
4428
14336
1706
28556
7862
23154
30592
27586
14378
29982
16043
27641
25760
23975
23437
12565
25665
2853
566
4861
4905
32210
13375
17902
26987
20229
24821
2582
15445
32101
20667
31070
9462
18774
24489
26503
12254
13752
19321
2168
14885
209
6308
20694
8111
10631
21192
17622
7853
21715
11341
10575
5223
10098
16712
19220
30522
26590
415
20608
12764
31868
1647
18770
17384
6679
22186
28859
19350
13965
24325
21942
23753
5064
8465
23960
18768
30448
23975
21736
15973
24543
16010
624
23418
21718
17224
28820
9782
5742
30049
24803
32698
20433
10155
7660
32552
5929
17653
8019
21862
21081
29163
13348
7711
21484
1594
10086
16907
17482
8436
4852
20081
11058
23605
21640
26090
11620
25607
22809
11879
21150
29827
12903
24693
26570
825
10964
23488
20854
6098
19317
25814
25220
6132
2153
28718
2851
2662
1897
7785
29694
5493
13473
19927
22963
15510
6590
25917
15494
8524
11081
15318
14423
19276
51
17047
6353
15328
10161
21175
32229
20617
4426
17775
9334
14568
15149
14591
10070
990
6857
9969
19570
2035
29592
12193
12873
10996
4155
16125
29091
19680
4556
28298
1919
23046
18800
18600
6989
18535
20523
20758
30045
1121
20729
30392
14744
4239
14618
21144
14958
23787
17069
22572
30735
6453
3456
23255
8158
1689
14887
3249
8226
3212
15179
23179
9215
5367
20805
18734
2982
29591
25579
14308
13512
23715
11946
11322
10064
11952
29398
2819
31313
5075
9277
25248
1341
15877
17410
10879
12633
17099
23977
7138
32621
23062
23150
2018
5568
1127
7899
20147
27203
23608
9881
23593
23821
5784
4743
19835
22279
30485
23817
9288
16617
15070
10403
10967
26213
16169
23750
28067
6561
26323
1257
28183
10987
838
9692
29334
2217
17568
32089
6078
7054
29970
24541
1774
13076
901
10421
30213
5670
8580
28764
21613
3100
30806
32004
18777
29165
14698
8563
26442
12192
3577
32272
14552
8708
10726
22590
2735
19617
1513
31720
5848
26606
1260
23389
30010
8133
2229
24927
30048
5651
14790
10614
17788
32212
1665
4747
2732
25151
7568
24497
20093
28221
26500
23366
26030
18464
17340
12347
13366
21906
3209
28080
29319
31691
9871
26820
22549
12296
8047
28843
20242
27704
8099
2305
5500
23544
13225
7773
28506
21953
12387
26922
20035
29792
14014
29362
4639
25767
6802
28796
18226
15203
12489
27096
1366
26510
18628
23480
21639
5317
21754
20161
15013
4604
1762
5026
22134
4208
25108
6565
11243
20189
2731
4995
1444
1265
21229
24189
4021
8961
19502
24488
4011
14844
24305
19337
24010
8093
11857
3041
921
8932
19103
14282
9121
25798
30541
20995
3697
10532
2058
16777
10469
13306
6447
14439
1960
1753
10074
31950
25592
4759
19032
18536
19881
12613
5961
12778
15981
31841
28158
21737
29266
21325
13734
11246
10636
9728
19626
20684
14197
22524
12245
5937
722
20351
7352
13692
23384
1278
13133
28622
18543
9935
23258
31076
13621
9510
28184
36
7622
14914
29333
5749
8635
17128
24407
28500
8176
31505
14018
8357
16267
29408
30652
24518
2617
20438
10766
27754
31675
11849
2573
7589
10914
14098
6011
17731
28246
15751
2984
23902
9821
31145
31452
13360
1754
12958
9465
2597
3668
28001
14685
22068
2233
29624
4614
9328
17315
18278
10745
17114
22489
21922
21220
12410
11289
32457
28162
686
5397
18000
11327
13505
14011
16124
6557
5567
2745
1877
30678
18568
12353
27224
11331
2596
26889
30828
17660
12886
26519
11415
22849
8820
21179
29170
18712
5749
8797
7514
8248
3148
14712
12137
8230
13685
24935
29348
13726
9933
2656
18934
23860
15014
30014
17246
15163
22811
10883
17124
27366
6817
25245
22993
18605
30943
17256
7711
15346
448
5877
5679
17381
16582
24458
3258
19365
21153
27881
24842
2472
22272
22229
10090
28252
13479
211
11739
26126
25537
2862
14600
29196
12920
21821
3452
23814
14276
29928
6419
3770
26752
18281
20654
17105
707
32592
5675
9987
17261
21450
14997
9346
6656
13602
28823
22678
20146
10888
17207
132
20160
15634
25793
23733
4868
5120
27136
20244
21706
9796
17844
14520
1248
9538
6209
23235
14572
1236
10149
16010
770
17553
5036
26870
26486
24143
6759
23850
25839
32230
218
12901
17085
26167
29685
16682
6509
10093
30150
11167
18842
2691
10988
17716
21766
22023
7247
7556
19945
20509
16654
12928
20616
8646
25785
3530
15114
32610
15809
20831
6023
14964
18476
30585
27747
8358
14477
18868
26330
19469
6964
21359
5083
18605
29602
21365
6938
13120
28736
28893
12385
13619
1616
14126
12070
498
2595
7623
5219
14693
6028
7806
19106
21434
24214
8072
31831
31334
10354
13465
24691
29286
10419
31563
13622
31691
28350
5828
23877
19061
2939
3731
21244
31775
16209
5340
26117
12188
17490
30645
30506
8543
2226
16847
9831
28993
28030
20057
10052
30079
23946
21537
12130
16130
20652
11261
13139
13028
3879
22121
26030
23855
18794
1137
11363
24808
22523
10194
77
10572
14254
20060
27398
16473
5658
19610
5887
28304
589
31669
9680
2042
5567
3734
16588
2665
10629
16971
6105
28928
27591
28076
17023
24821
26996
13374
14142
5014
24628
24663
19749
8586
27807
10371
31648
4954
26796
25639
19602
23344
3692
29540
13475
7134
13048
24126
17884
24865
11688
28414
28785
11559
16261
19412
17885
32592
3841
21441
29236
14386
3046
17076
24501
32479
20365
24820
14495
2922
19792
16829
15175
31399
26433
21806
5222
3891
15133
20835
13239
948
15227
14046
20162
21090
26953
29739
1522
5575
16761
27843
24558
26306
13048
26418
3878
23506
12512
9845
13740
3473
13550
12966
6982
17535
17974
5339
2497
13313
22549
2635
17288
26282
5480
29362
18549
16312
27643
32247
23782
13794
27717
23820
1812
11089
20818
31255
30368
1772
17664
31695
2671
29400
13422
6184
26808
25663
18610
31282
23899
20561
22474
16190
29301
12937
25045
20292
30513
18482
28292
5249
26849
9513
24267
22116
29261
1508
1756
15275
30026
691
9301
14282
21135
2118
1208
26508
25541
14704
28701
8444
23517
7722
11299
14982
422
17371
11052
19802
30879
13015
15306
30481
3082
23845
19572
24211
12353
27269
6014
56
11853
1457
19272
1325
11701
3812
693
10778
4244
22425
8670
30977
21998
19349
27400
23146
30276
11047
24532
16829
28262
15023
17078
30959
27785
2909
19624
20320
21401
16699
27424
12292
2257
31342
6719
25282
16264
15289
12107
32025
14158
1602
10079
17929
8247
31385
20065
4401
6519
11510
21045
21813
32303
3778
5680
354
29831
4441
23248
22165
29437
26127
3498
18264
12285
32625
21923
9039
12209
14285
12131
4563
25626
16628
11783
8156
4960
16702
13334
25892
30822
16847
14519
1161
20898
21017
27937
2995
21036
1186
22098
30200
10516
10503
12036
22140
4857
26434
9693
28061
10711
8232
19430
11662
26401
14133
18238
29249
3088
10636
7696
28811
25658
5690
11714
8323
5734
7099
8815
10027
30623
11967
664
850
5255
20014
8982
440
25838
14441
5971
15476
23971
1491
29114
10643
21642
19600
26732
32002
27375
12684
12853
25006
29210
2751
12222
19945
32292
30384
13572
30480
6921
3384
1800
10346
22525
3465
25033
340
7428
11630
6767
24219
32445
28117
12745
29482
1150
6282
27385
21477
5286
19269
14958
31444
31535
13287
8467
1412
16003
25089
18374
12970
13969
20886
28428
25354
6687
4898
1795
8599
30306
13530
920
30428
17612
20790
16633
2970
4901
26285
3150
24243
29149
23743
9380
4678
7329
23097
18473
5148
4396
20661
8607
9539
2144
24928
10763
1272
1429
32512
21165
17099
28721
28981
2869
31741
27512
7422
30772
2093
24742
13952
28113
22835
28475
16387
701
4685
14231
31294
20329
6777
13254
10708
11638
11809
4765
22046
2925
13309
18694
25899
10416
22838
19864
14597
19888
14535
12907
12854
21601
4649
4394
15243
5355
21295
32105
17176
2723
31023
28985
17532
17721
3426
26618
18535
31282
16525
7025
32089
19097
27105
5915
19884
4338
27936
5568
5844
19312
19458
23882
26086
30312
26327
3288
23895
27396
12397
4367
10246
5692
22836
12976
7549
7170
13728
29552
31604
15037
25551
11524
22679
761
29804
9851
13450
14173
6867
5072
18729
26845
10358
13248
276
9009
22399
32729
14187
15749
10423
8916
9430
9074
22694
10532
7625
10797
12284
8143
1542
17918
13103
5501
7523
13300
30054
12750
2509
27608
4758
22257
17037
28255
5354
371
16586
17315
18793
23124
6479
15828
18387
12128
25487
21547
12747
17852
4582
10784
27963
15040
7970
5853
24053
26372
13634
16626
25238
30654
12670
8778
6320
12875
10631
2142
11304
5643
22031
25768
13788
20594
1676
347
28041
14172
569
28241
13037
15777
31326
14917
12840
5610
29138
19522
10088
30659
15806
29019
1477
15089
931
29341
1386
15621
22687
18242
23798
17713
26092
14119
10786
23131
13993
385
19875
16240
4829
23499
15954
2555
3001
23811
6026
1782
7453
10517
26321
25055
2142
28824
31931
16911
19527
6328
17676
21064
24157
8051
27165
26253
2407
4105
18305
13366
5422
7085
28647
20547
7042
10881
19010
26609
11901
30913
2600
26507
13324
5182
1912
899
6826
19983
14656
22465
19311
29827
22494
4411
32074
26970
27237
21958
19851
26676
17218
24107
16804
4425
12319
30334
5680
3163
24839
22699
32564
22505
19147
5458
15781
6310
2213
32469
11819
32041
284
19119
13605
2534
21031
23815
11245
24925
18581
29316
13149
23697
26284
7268
3986
1980
15889
17096
28911
22337
8424
8530
20069
10466
28219
29170
13554
25907
32160
14845
12392
21838
28182
28032
12656
201
23601
23763
5326
10213
17271
8305
12263
11784
3849
30470
1664
2158
7558
18890
3528
1307
15404
19214
8345
32276
23872
25364
2299
19662
3504
24356
17130
4583
28152
5852
23641
9492
12866
31688
5750
16731
28113
18227
11312
16770
11679
14908
25078
199
9797
9260
17090
13265
31004
8966
11863
19943
21666
21088
7367
18016
29727
23666
15159
21082
17032
8557
17894
26287
9379
26894
17260
5669
11884
21106
1344
8165
18360
30252
4477
16943
1048
28309
23014
9547
12800
14947
25639
29379
25896
11645
18270
27855
51
25614
8921
6673
399
27608
29217
22914
6044
6092
25144
29357
16400
12759
3104
30235
30362
32510
14492
526
14021
18861
4411
16242
21792
26188
25233
11024
29596
26132
21448
32517
5429
27681
14168
20594
5332
22728
22802
13686
884
16170
28003
1881
12676
22793
1495
5386
26509
27867
11996
22988
4629
23069
6857
3116
25795
16362
32286
6454
14532
29132
269
24552
10860
11986
27194
16615
14881
20195
26304
22129
29813
23121
4980
26771
26002
16305
11117
29084
23515
7147
32708
18129
15824
18573
7320
14690
30514
9317
16213
17309
16744
19022
566
5730
19234
10826
24841
6871
828
14545
31539
15452
2789
10345
14067
3778
4864
24951
10731
9399
10442
11349
27356
10885
13758
16804
12465
6397
14006
13540
25279
5293
28242
27970
32331
19802
5789
8368
30028
29098
21998
1339
27251
2848
31501
11417
28265
22093
17559
15874
8792
27461
14244
578
25516
19025
18854
30219
25883
8419
24981
22159
22754
23247
29769
23630
4178
21431
16423
6189
13452
15559
27647
9929
31881
2723
3381
11786
1117
32670
22815
22779
10684
9773
1455
17881
4541
20379
7506
6762
15326
27390
18967
12943
17992
18537
23572
7453
18261
7267
3846
23273
24656
22424
21303
5154
28028
9935
7589
14308
30551
12060
864
14857
18719
23127
9268
25411
20630
18380
10376
26472
11011
13620
22150
13836
889
29669
636
14677
9819
15941
24194
30475
28192
388
27998
18415
27988
28555
7332
6478
31199
27951
18978
27861
32138
12459
14458
2727
12223
9293
14097
6573
7312
24943
296
4653
7420
22441
6217
16031
9325
29765
7653
16060
1924
24051
28731
16599
8217
6334
3707
25968
29310
9791
2092
263
14340
30225
31691
12334
29377
14981
26805
29154
28304
30102
22599
15387
21336
21023
8771
16034
11410
7499
20597
18467
2565
29773
26007
387
7636
31314
2931
29555
31675
10932
27719
2630
23958
7025
15213
3071
4387
17371
12603
13487
29448
7057
32297
27902
6936
9645
31025
20231
7634
15423
3452
28009
1834
12283
11066
4250
29325
4142
16338
24191
25631
12023
31035
8250
18247
13747
22697
6724
13933
23993
22637
10939
28674
8520
10518
8701
7361
30909
18909
2421
19253
30729
64
19637
17532
24675
29420
30917
7754
31290
27616
1467
11825
19310
1488
24204
16927
32191
18631
6946
16936
2438
31249
8367
8069
30883
9048
7232
13533
21942
5389
2965
31684
7058
26634
18480
15234
14574
17013
18604
5397
31838
25575
3152
4217
31874
15565
25828
3878
20605
5391
4803
18395
11433
1520
26418
12186
14218
19254
24816
29683
11008
12170
30479
27270
5568
6177
1537
6596
20740
29596
4854
16117
32386
4141
22886
30079
8859
7420
22249
25445
11990
23241
18767
3854
4236
16338
21229
16968
6117
4855
14645
7820
19203
16924
29066
18052
31100
30671
28754
16586
9230
13354
28236
30707
3214
27899
6179
31692
546
31011
23620
26595
15792
19260
19181
4937
25238
16255
15495
28055
30620
228
12854
11567
27686
18826
9390
12996
32175
602
13640
17949
4466
1512
30037
4117
22122
2713
14258
30183
17277
30731
8349
14760
17909
11185
26566
1045
13359
28862
169
15247
22679
12101
7452
19556
10452
5790
15908
18000
32063
18187
18189
29508
23706
16027
18106
19301
12287
3407
27449
27224
29462
5244
21402
27069
13451
21872
13314
17657
31423
4952
32763
10809
24766
19554
3854
23732
32626
19998
28564
3120
30486
26922
23497
17863
11500
2062
1314
25067
4403
11621
10721
5032
340
7486
10470
32041
6748
13761
1992
28030
4014
15126
7972
11164
23034
6786
24885
29349
21097
26835
28325
874
3610
8191
28067
28463
3538
24584
22326
32686
5615
14114
11985
24670
17054
13592
22567
27892
11342
19948
32576
18730
12389
20414
18125
9664
12849
28654
12473
22209
26657
13189
29952
7944
2357
14033
15044
21762
28339
6224
26526
17590
32284
2768
31026
29442
28510
21203
7430
9767
17227
13112
31380
22408
32330
3352
25501
29358
31564
14063
24257
1424
27394
20220
16461
17937
21326
3306
17748
4299
8951
22191
25857
17675
11680
7349
19499
8732
9211
16695
14122
2505
23610
3823
7657
19485
32454
750
26173
24685
27444
28107
4213
12185
26997
12287
4659
21390
31564
5520
21370
28687
25093
5357
519
2230
11365
29977
12005
30773
24797
7948
27196
27874
6146
7767
20842
3699
6978
5382
17236
12549
23503
9930
12030
14692
21984
8024
12378
5766
13337
22540
28510
29784
18247
8402
30041
3006
9809
12358
27783
13268
2668
24346
32227
6267
15245
12984
16700
14865
8484
31529
29579
6783
19207
2102
26500
15225
1708
14797
25707
20993
21660
28582
26409
21293
21028
7205
31135
15915
27470
32387
5178
18306
26896
18473
15816
18842
12226
12636
23946
7807
16853
16671
29578
18146
23235
19541
11054
609
13890
28711
31758
15624
22461
2981
19715
30231
26116
31920
19840
1029
28483
9239
31014
22982
10545
29952
31122
12618
393
5002
23162
16198
4798
18096
17400
21558
20715
16753
12069
3747
776
1837
18666
673
23652
28499
30483
31389
19023
3129
13221
13653
18967
31051
12914
17704
23351
21608
1258
29840
25034
26249
12340
21485
3398
16292
27006
21636
5990
18896
27793
5319
28520
6057
8360
16855
9593
29174
32642
12871
10862
26761
29366
7715
14260
27239
6983
6192
29578
10537
14200
11382
9581
19362
6881
18428
3796
13250
27843
19923
15390
23482
8345
32085
25033
3681
23791
3503
6628
32471
17527
8861
5575
872
21850
32373
6145
30643
21196
5479
19090
2571
27875
26115
17755
30749
6825
15099
22738
32467
23152
14891
28922
377
19557
25814
9363
11295
23400
27955
17549
5438
26651
1320
32707
8862
10809
2645
28390
13686
15402
13140
7351
25046
1236
8767
24186
13634
29619
115
4263
20639
17196
1940
3042
22868
13598
7122
26157
1449
32187
23402
21597
18546
20630
18287
16330
24562
17404
27082
25675
19450
32392
7296
2658
28497
25330
22067
12723
24664
11816
8172
16315
11502
15264
6167
1726
5522
25580
9935
14593
967
10639
18268
7226
16317
10255
2810
4421
10541
31051
14556
17432
30597
1295
12145
6137
17733
28390
27366
9199
27305
5679
21740
21366
27528
23667
16827
32630
31868
9718
15959
4982
25411
18572
5138
4877
13925
23726
9554
5018
16407
9421
1940
32309
2144
32486
32433
11750
19066
5207
15712
15892
22907
15345
3837
7488
14389
16974
20105
14323
26714
3173
20209
20468
13540
18523
6291
21439
31667
8349
8190
18995
14968
9515
23033
9867
25299
24375
20680
6287
14776
17134
7850
11531
17943
29590
29094
21121
4796
3545
31879
5659
18292
27744
31014
11491
23921
6820
8167
7478
29423
27137
14470
7286
536
23821
10260
29952
32549
23847
8252
2142
8647
28243
21451
16829
24005
21829
21616
3233
20198
25531
32191
9175
7185
24336
4476
19628
5555
13582
26903
21084
4961
29445
24691
21965
21695
13081
24043
17789
27040
29664
7063
4537
25966
3629
5579
28945
25037
15654
17121
18696
5243
27805
30777
3856
31866
16797
8317
13749
27250
4418
10026
31256
26705
14798
15692
9631
17460
4602
23433
6123
17034
25226
9568
11530
15222
7716
4531
21486
10102
19298
31875
26910
24387
21798
1532
10668
4856
13614
25265
21095
15477
11496
296
16209
4358
135
10393
8020
13888
26710
29939
4144
15916
11340
21536
14008
11944
7649
26762
10046
6153
25633
29918
12876
32517
19967
13584
27029
7633
7915
18591
28970
16518
2471
4634
28913
16585
19798
12259
14932
25771
10454
29235
30262
9422
6223
29278
28459
7626
4364
12120
19432
12494
12170
21368
19960
6027
3023
1917
26801
28493
10237
30415
17511
32619
11559
26887
479
16098
27235
5296
20998
23869
18977
3919
13795
21176
12731
32418
31435
15268
32589
28454
18132
781
6598
29659
18828
8347
18239
29515
25834
28086
15756
17865
25220
21997
8465
2295
2307
26265
26071
19595
9684
445
18144
31826
24353
14385
18359
11125
25088
3840
29770
9467
16618
13326
21244
25999
5742
26110
15607
25219
16422
4946
4287
16918
17899
29908
29453
26866
16709
10037
4570
249
22821
2037
7610
23873
9687
22914
28011
24413
4402
29348
32686
16863
1810
32024
20309
27674
2568
1916
11678
13101
79
28267
5823
11325
19714
24808
13506
29697
2445
1024
1171
3972
29538
31147
20824
18982
25069
20212
31232
13540
22729
5465
13599
10970
2612
11125
18169
32518
24000
30940
24028
14159
20300
8519
2228
30918
14899
29425
31705
2347
25795
5184
6187
2483
24561
13480
26721
20232
3914
17613
2206
31378
27949
31207
11333
14581
24376
8299
13839
18907
12032
488
5723
13555
31493
25134
25541
20538
13285
22454
25081
31609
31183
830
27338
13582
28219
27316
28030
27632
19928
31573
30828
13038
26310
30486
202
14647
16134
20803
23744
11295
32559
15974
9152
26144
30050
31594
26906
3871
17535
4096
1227
4593
5017
4162
24214
2846
20904
8598
28503
5349
24958
18134
27795
5248
16893
14254
21075
27817
1670
18245
16179
14684
13236
7711
22198
30943
21579
19266
7644
17920
23147
28823
1527
1950
8458
3732
6586
14698
8609
13080
147
12783
12836
3990
19515
2512
24376
14966
17547
2129
13985
8120
9617
14617
5625
25819
995
3895
20904
17405
19251
14690
18448
8771
2852
2949
13576
25979
1628
8571
22924
19712
14298
7958
19378
20958
17034
12647
736
21047
32535
13625
29757
3046
7169
9951
21349
10849
1007
16176
19297
27620
32326
25039
17366
8652
15866
16560
1660
4161
21157
22743
22738
28951
12246
11363
24081
7670
16043
24012
21854
9657
11682
4201
2115
20757
29356
12853
32096
23163
13187
4818
17246
23871
2110
27598
26661
16377
19491
15910
28751
7724
28860
10504
25308
29989
1837
7645
15655
6182
29636
5511
25368
12228
32722
10983
24476
18574
15801
16035
2386
13551
29511
2086
24456
18006
32322
14312
13157
8595
26436
3823
29031
12933
5833
3990
7953
754
24711
11149
24797
30902
22782
4897
7288
16160
10575
2493
2862
24473
21841
25521
20643
19846
10210
4403
27077
26992
14715
23203
2046
16226
17672
12820
11438
1171
16118
15879
6360
6213
25229
377
25884
3053
10624
17697
21989
30356
25026
9715
16355
6013
21916
27880
4284
3080
14845
5121
20478
7382
22289
7306
11353
26158
7956
6812
26891
24480
10089
6629
16283
1768
14310
16299
2506
12821
25715
19983
18375
19690
25811
27791
22178
1412
7873
22991
27395
11325
5695
27289
9244
19153
14379
31266
19164
14015
13075
12175
4453
8946
21066
15543
26305
29857
3899
31275
13008
24436
19710
1140
3717
3304
29225
16027
19538
21236
21737
24047
25825
15853
11601
25346
7173
29095
497
9205
29168
9693
17067
19445
13478
16850
1474
29702
17842
23353
6964
14591
26647
7250
27210
29398
10889
21847
19821
28958
16861
15638
24635
24782
26559
9439
29658
16196
4515
9120
7564
32394
5118
31823
4996
16087
1461
17288
19449
16729
30677
2168
4728
30769
21894
1273
1918
22464
58
6398
15942
19745
31786
5426
27872
32246
16643
6364
25219
13672
732
1798
14372
8809
1900
22238
28487
19260
23418
17244
29462
23096
31892
7717
12208
10185
19204
18864
13251
9655
22528
7847
4189
4011
25633
16528
27391
1263
8727
9644
30196
28533
4506
22047
17120
23579
1699
9810
9116
10285
12509
28822
3393
10283
14166
4618
12675
11213
15483
11966
16961
837
24131
280
4953
27076
1706
14455
3777
31039
8289
11031
11988
2931
964
24373
29417
11303
12300
12147
554
177
9414
3709
28836
18619
28548
11757
23194
23623
16850
3180
18975
19185
9067
12058
6884
116
5293
2609
20558
4720
13643
23781
4555
7019
17218
1166
16743
18197
1550
2824
24730
29648
31261
29786
14180
3439
20612
3991
29084
1342
5873
20226
9862
2883
7136
27509
32419
27844
25362
22276
27597
15370
15931
17117
10115
9572
24060
15474
27521
5486
28432
9691
6291
5266
6090
3445
16300
31696
27071
10448
16690
26299
7104
30408
30365
1732
8203
19697
6720
15291
27329
21561
24934
5523
31899
14536
31905
9062
1497
4395
29279
13240
13692
16562
1982
27136
2229
22806
11170
19813
11933
16223
6148
13509
21542
6149
7565
13307
27730
15958
19811
28258
18595
19223
30019
29333
5586
28270
8656
889
4292
8448
6954
29310
1977
28758
4035
28449
31687
27269
24942
28598
30343
27918
18617
5988
26638
23299
17021
15729
8478
32363
31667
31167
15774
6376
12169
23191
4936
26519
11190
10150
30882
7736
28426
22085
30767
7567
5705
4862
17382
26889
2873
1099
31971
8099
10746
10912
9053
31752
20630
428
17112
8185
3289
18141
11931
12018
23651
2338
25189
31755
13051
26100
23388
20252
15142
6039
32070
1316
1272
14493
22523
4076
5931
24749
24858
6375
5742
32386
30204
19293
30463
4918
14822
2504
27772
12993
9347
4735
3063
28093
21649
22417
21576
2156
31450
3572
4263
8955
29030
14303
18810
14088
21231
11892
14187
3683
9877
28322
27838
5905
29651
11594
10465
14487
21170
30368
2629
3701
19516
23765
4717
11248
7988
31219
12357
19732
15620
18696
17588
6394
4855
6790
21876
22855
29608
10218
25122
19189
13499
2716
3985
27734
21706
6678
7524
27733
15778
30025
23004
7936
30384
15164
2030
6979
23478
14071
27545
26102
11202
671
28790
19995
1121
26082
7825
24160
7440
29590
20855
2028
22259
10908
26000
27223
29898
7691
20399
23802
3872
26762
21224
7530
6341
28414
18594
18239
1919
13926
12012
31002
29949
20738
28949
19174
19468
9915
7798
31069
22030
7359
915
27342
15527
24684
22883
28958
21433
22895
32491
27918
16275
1837
28946
14011
19301
19810
29872
28523
1015
29703
9960
8326
27291
24186
26552
19427
21601
15833
21198
20805
18825
17070
15005
19750
31038
4562
22961
21683
5505
139
11839
13079
11107
23544
13313
3068
19319
16303
28736
1871
5767
16292
1075
27204
646
26957
14727
16795
27590
24579
15679
289
18027
6316
31934
15481
1056
30871
22818
23836
520
23463
9428
31135
4855
17844
8029
12853
31203
17198
25468
13940
26773
15619
31605
22620
22180
17347
4011
20629
17572
5635
25457
6136
16283
26111
5150
31313
14516
8835
20063
18019
1336
18187
28114
16173
6841
30505
15056
12908
23441
26919
14986
22625
1931
25581
17751
24788
9439
21542
22348
20825
30052
15519
20238
6354
19457
1519
3812
31797
22116
29021
13328
16528
12023
13054
22624
13898
19216
30494
4608
2475
6505
22241
9618
31902
25807
42
7808
28086
20254
5308
16785
20592
30828
1184
3515
31416
9861
26566
16185
27566
152
6895
2269
28585
13103
9161
30630
17788
4196
8284
13461
10489
82
17830
6333
26292
21963
12674
18330
23818
23369
5071
17315
3681
11302
29389
12578
10416
11791
3786
15172
9795
16054
10495
20332
27576
27079
12725
8909
1870
15134
8620
13880
30047
311
700
19506
3626
5093
27581
1354
214
29511
29605
5802
32692
21240
24560
20203
453
25991
4677
23854
15740
31783
31062
3688
16580
20135
2312
29949
19013
32676
32212
11921
18403
12541
28524
15386
7816
15495
30370
8250
7972
25858
27270
14285
19698
4940
30927
190
22780
29653
7549
17182
30433
2131
15804
20599
28374
439
27146
19805
4331
30303
2972
14663
28048
18573
254
10397
30551
20760
28155
25874
29179
8801
17084
26676
21154
30601
15924
25665
30047
9185
28603
20285
19451
5794
31736
9281
27125
18143
10501
20246
4551
7095
30158
30211
10091
9423
16570
5602
11294
14080
16782
9337
10084
16716
23182
11528
8524
28183
1253
6943
4597
25747
23622
10162
27217
15997
3540
7279
6697
1543
11839
24911
14177
20501
15152
2156
10878
18091
19432
19474
1125
14246
13604
13080
24933
31659
9283
20337
32120
18782
30122
19198
24006
18644
19048
13990
13163
31562
8470
20393
23418
19223
30209
12081
8258
22495
11916
6187
8144
21258
21455
22356
31669
116
24708
27031
13833
12134
9764
23702
24495
16326
3405
7559
31707
1930
13671
10817
15570
11378
14215
22678
32241
17911
4243
10212
7921
23423
30376
20711
9321
4818
7608
2001
16788
8913
12152
9373
12117
24166
31353
9632
29816
27575
7316
16481
827
31647
11404
29866
20493
5470
9967
21983
17813
19087
8765
32399
14838
26459
3660
25161
18770
29421
747
29105
14733
5157
25030
17618
19283
11921
20362
16310
7260
19353
18505
25908
32494
9209
21279
19466
27300
23925
6422
27180
27247
20679
25415
10843
11226
27613
17474
32760
5010
1089
28848
27931
31525
11737
2871
12000
31754
27088
26526
1025
27618
16852
2354
16810
28157
9090
24680
10888
15904
4126
3011
15396
6277
29832
8184
26223
25380
15723
15185
24989
31793
31672
26703
5687
20966
11603
5011
19308
10114
32268
6398
4009
11154
5328
11288
3945
17263
16672
8110
20045
12296
7363
20672
30319
28641
30136
14490
12788
604
5231
27200
17120
28728
12857
32527
19758
15703
13308
13986
1825
10180
32043
19955
17365
22516
28405
20930
3097
26188
26557
28731
14721
23012
22219
3539
18358
1163
14401
8563
20497
24587
3408
7128
25448
20654
9387
24122
13864
28928
18236
1067
21156
19159
7447
1219
17837
8593
24236
28410
31075
12701
9792
17749
12874
2365
30110
15557
25249
24201
17417
25292
18415
1720
10358
28385
1758
29339
29688
17174
14668
21610
20604
24568
8864
21187
14262
20406
32346
27888
22107
19590
7407
29801
12177
9797
17107
16281
5284
11101
32215
31205
17658
6380
25781
13547
19017
22051
29929
7943
25863
32492
707
796
7458
463
28603
30097
19186
21782
6916
21145
11372
1839
16484
29112
23192
11859
14658
12931
13125
31589
21505
18087
2811
29725
13708
23852
15153
6245
31026
4859
24768
30467
693
19614
24216
30073
13981
23880
30897
20265
3282
7957
6981
4029
12650
24722
8765
3270
10176
19328
13545
8867
9158
10453
2547
14501
3484
9732
10134
20593
25441
32638
29707
9381
27977
13433
10820
6846
30703
10224
1757
3129
2285
21227
16720
11000
16811
27648
9576
1256
25716
10266
24824
27361
12239
30841
22988
16077
1036
27130
8160
27917
1821
2457
20432
5400
15015
29236
31120
9573
14425
26514
24413
28300
2173
8867
8435
29096
18124
13065
9985
28159
2439
6616
25306
29157
16067
410
13933
29405
29701
14231
6263
12546
15374
19027
18679
27045
9976
29015
10723
7480
130
8756
4121
27754
18601
30406
8344
20628
6776
18614
3568
13140
29984
9794
18935
10615
6987
1089
32702
21789
31918
20833
27075
13079
24029
20148
22632
22420
12900
20843
31908
24061
23827
20961
19193
4125
19097
27611
2726
2181
6741
13326
25885
21551
18792
1761
2487
22369
5135
13429
14759
31188
304
11746
20525
24086
19506
6084
6924
10285
8466
26103
5949
6013
24243
25758
26085
30700
21366
21098
3461
11843
10251
28697
23408
25559
27783
10556
31107
5482
31670
14910
3088
2380
10418
30626
27675
28869
27316
6796
20937
14520
31531
13955
789
19840
6667
15477
23237
22046
27752
12027
15260
10902
10563
27615
17362
2454
2212
11996
21697
20825
10473
12708
17121
16331
24157
3368
16886
32238
8460
16403
24968
31356
3286
32407
11668
22478
10179
12141
18305
28924
25238
14871
2901
14918
1957
2665
5417
178
3047
27975
15067
19703
30287
10928
19970
28058
20824
252
14887
27735
23266
25953
21298
29378
26172
11708
26658
25134
9346
1934
28161
8910
18217
24645
22295
28186
12504
8894
27231
6260
10361
28167
12087
7692
17041
10601
16731
30465
29900
6566
8468
30409
2013
23423
21421
15058
23428
26489
26663
27753
12528
737
13358
23004
28488
16910
23883
10971
5765
32742
602
13348
21634
28324
6463
11872
28758
9688
21717
21575
32737
20910
10023
11275
7077
26484
13283
32756
1239
855
18187
19015
29110
21357
9198
6253
29724
13305
16471
10577
11859
24810
16388
19210
18985
24740
17497
15290
26183
3075
25686
4534
28094
22429
24775
28391
3555
16968
26810
880
15965
3293
566
9104
3964
7995
27434
29898
13005
16014
1700
30276
29163
30929
10819
26734
1943
27025
24559
22499
3851
15348
28615
20372
32140
3579
18011
30243
23103
6404
2844
6797
10301
17299
31505
29708
14057
81
23499
6460
19586
7765
6810
29308
24308
28323
27649
11159
20212
25330
32616
26788
22859
2483
6929
16938
12914
2894
13389
19592
96
3247
22512
11924
9888
6913
30466
2947
6310
1209
27575
17417
9827
17367
19105
21184
30487
23912
21541
18382
9831
23120
6700
10179
14255
15686
11802
12736
21401
6688
27396
20702
1007
12881
12318
15565
25005
15024
8050
3516
26971
11899
13528
18297
27033
21403
18722
8154
16380
21545
21911
1115
22552
4402
2979
8968
8414
4791
5324
31390
27689
14584
3816
13805
27795
4851
6285
22144
17805
32295
458
29312
25007
29597
29972
2518
844
9769
11395
13968
17226
21998
1855
15494
29232
32032
4917
15421
3969
14862
24334
3339
19273
6751
10337
636
17909
11163
14887
8437
615
29934
3952
1431
15946
15913
3669
1382
9379
18442
28462
18347
3753
22973
9221
24471
18135
18338
21578
10536
575
22353
16583
27985
1057
9436
9175
4437
8124
27988
25043
21876
3172
25230
7630
26313
16341
27686
1666
18547
17095
31173
28553
22515
13251
19104
2769
28885
27700
20033
22090
29587
31681
650
4577
13238
28122
29431
20914
4414
3473
15651
121
16708
7084
16014
26186
2526
11000
20381
1923
30019
5856
12258
28670
16431
18493
1950
16011
1929
15472
8836
1181
31044
687
18368
20035
3203
9116
21304
26202
1280
10012
29714
11010
17838
11366
13430
1614
13981
18522
11925
24384
16926
7701
4842
5876
11561
26050
25535
26139
20219
21938
2548
11947
27651
8624
9980
5589
14335
1166
18472
31288
17251
2052
24360
6740
22522
32443
9167
32577
2255
25764
17174
32672
31054
6542
32612
28371
8103
10744
9740
19561
1651
6691
32279
2012
20890
26476
5189
11391
2676
13273
2126
2482
30510
20466
16237
11096
368
5842
8223
13963
28732
20605
15145
32398
31002
3700
1496
26114
27762
13959
2444
24669
313
12267
11384
10137
975
26252
30627
31273
27688
6308
32306
30001
7979
8845
18922
24310
24407
15572
28913
30100
12460
24718
14548
5615
13257
17903
27342
20203
15442
12568
15688
13536
9876
305
30364
2376
12396
13752
11550
2747
22884
24088
18525
286
3616
10110
10150
23063
8953
31976
4554
27075
25063
28031
21025
9132
12196
19750
9935
24565
3086
17235
25670
216
29134
15389
29197
3155
22839
28567
1215
3613
25200
29533
14678
21983
27350
2668
30121
26017
4508
10039
12852
9346
28596
21495
4376
10669
1779
30018
26210
13192
11376
6879
5520
7983
29229
21209
26706
29728
21497
13010
17037
22584
11156
2970
22437
32734
12309
31488
17660
28286
1161
20456
13750
6969
6621
29854
29632
19930
26622
21354
2576
18444
16958
26981
23598
3787
19194
31626
22259
26649
19065
8720
7824
24818
27928
7672
24019
28545
11428
11490
6822
1428
26888
20260
13273
10062
29736
13341
27681
23067
5388
16583
9824
32745
17985
25740
14118
29334
13180
12379
28536
29604
14977
25594
17617
17460
29507
26014
14951
31026
845
22457
28591
24525
16480
16659
30755
1578
26206
31516
24643
15449
25702
23169
986
8584
1345
17917
6530
4470
30461
12146
5994
1579
30167
9016
21847
16871
7775
25012
4073
21848
10966
14125
12576
22031
8155
1500
542
22837
11335
13890
10799
1658
16469
447
7942
22351
8198
19295
27210
22101
29891
31479
26705
29461
8772
3697
25643
15857
25266
21860
13538
8282
28168
2792
16384
25924
12479
16808
1362
9687
21930
22072
6124
28264
10015
23465
10349
12199
2903
13915
1156
20506
8215
22803
12211
29130
14736
22605
31059
16444
18565
18388
13273
23202
27563
5775
29015
11859
12373
23710
26950
21881
18000
20390
27522
19977
11020
20840
1174
7417
4093
19609
14138
12717
65
21485
28442
7602
2435
14198
4313
29870
27679
1068
19286
26775
5767
8653
3630
30244
28645
743
18818
13697
13826
6962
23290
9031
29286
4132
19465
30123
19137
22464
17779
20982
12425
14767
23565
30261
13285
26257
6852
11057
32202
6549
28129
4769
13667
30791
21388
9631
21687
9386
30094
30553
12422
13703
4187
4105
14195
2308
19279
29735
11369
9592
26168
11228
24631
7294
24597
24251
11901
9289
31517
22444
16844
23351
16899
1320
25353
27048
29305
18860
22546
30224
28915
12391
5540
8011
10669
23094
18557
28977
751
14035
31165
1899
17552
24138
21138
21125
6329
7852
17172
13123
2539
4614
4206
24633
8771
20628
3647
18838
4093
4915
1856
28481
29496
23061
6438
23847
14584
27576
1994
16851
10097
16409
19335
21311
32643
11301
24291
30185
22401
24944
3954
23082
4918
5673
22008
963
7466
26958
31182
28601
17697
22300
903
19556
26597
20938
17106
30658
17477
21110
27554
14353
8542
30304
3725
25244
10777
31830
28786
25813
8693
13935
1375
25508
22279
17404
4786
25855
30015
10172
15486
14267
7916
3663
560
3489
28290
22765
28274
31685
17819
16472
32335
21779
3389
9231
920
4907
19291
22981
1671
16751
12702
4369
27299
7769
2405
8039
23267
26387
8458
18503
16662
321
7783
21940
19586
30497
23192
5352
19404
31191
11011
2886
24088
24066
15254
30608
16240
18067
24144
29530
13418
29151
29699
18623
22789
23795
21080
20562
22229
12583
19219
27479
18016
12278
14488
28212
16327
4364
13230
3874
24233
1697
22148
11560
15684
23558
12530
842
10973
25213
20992
7166
8546
8270
2732
6367
15951
30231
19944
8869
17102
11876
20963
5461
24354
11135
22153
15541
19781
10122
13645
13571
32464
15050
7718
17382
25116
7238
9687
15781
679
20625
2420
19095
2233
15076
19234
8411
23623
17519
3102
1608
28439
3569
18433
11943
29221
24455
21826
18976
31302
19137
20220
22515
22539
13051
19441
4457
9960
12267
1744
265
22421
32374
23475
6670
14773
29640
16108
25625
18614
9891
4353
3876
16376
17143
29685
951
14897
15284
1481
17246
24592
20188
9283
11610
27168
4060
7662
31639
31216
27676
29794
3038
3697
24021
5061
18764
6047
16675
9106
18947
28003
32603
21657
29983
11704
1182
20552
17644
17934
13230
11560
31062
11243
19457
3242
20128
2264
30228
17956
3161
23931
27138
17175
140
24577
25685
28851
15160
6591
23836
27293
7679
2072
13630
17135
5154
17569
19981
2945
1709
30851
16158
1127
24815
7969
7769
5050
14637
23547
3660
27292
29080
26578
1732
31606
25979
22798
2975
9604
30393
19292
17884
14740
3959
10907
13044
15370
27670
9465
24173
2088
16740
2137
22956
14476
4883
3833
26123
30970
20074
24401
1323
9564
32058
17214
25484
23047
9492
23135
20826
22848
9913
19391
15754
27135
12754
15029
26406
5107
8417
777
14565
23749
20856
88
767
27297
19625
25786
1855
12275
21437
25249
2906
1134
9512
11781
25983
20307
3517
6334
14127
9968
6687
20017
19023
2407
31864
29230
17532
4784
31341
10009
9374
21473
30545
16200
16064
12205
28312
7597
10783
24619
29327
2485
21888
2521
843
31343
13767
32737
20959
7409
17094
7579
17363
6648
13907
22866
19153
24270
16797
29771
25760
28017
11456
27651
22359
30705
5270
4281
32202
19226
15056
25900
14409
19539
7238
11174
21898
3782
16780
17465
2019
17345
32198
16457
15036
2652
4029
20299
23621
25181
22834
26827
28516
18008
8306
22452
31218
12571
4138
2764
8998
4681
27005
20094
5713
30276
7252
21468
32204
25936
14837
10468
10799
15862
30168
1538
14788
3751
10421
5335
21564
12962
2530
5177
20128
13848
4828
32123
19338
17805
16676
3822
11156
11393
10828
24487
25105
10064
5713
24707
507
3159
5163
28265
5933
4184
15523
22991
8146
10783
5989
1920
14878
22886
22102
3740
23100
21751
23335
30688
7303
25616
15147
551
2044
26379
13669
4145
21743
21310
20198
9124
3070
9761
2390
2384
4420
5038
26576
6839
28623
29710
13811
14541
31059
13425
17717
25596
3615
20286
5243
5483
8529
3948
5607
15744
19782
9007
1777
2980
3157
16856
3770
25414
27069
26870
5788
8738
16091
29890
4358
7107
20641
6074
8839
28230
24899
30091
24872
5218
2611
25908
7679
22693
29264
7785
27905
3584
13403
22069
24344
12678
2474
3812
8822
22897
3360
7968
32040
5478
10844
13402
21998
9210
3377
21612
16202
8564
9558
8828
14551
5076
4703
27427
6876
30741
3052
15310
24609
13488
6689
2405
16897
5473
12886
10795
23233
13357
3087
9958
16928
29604
16942
10047
22575
28260
5223
32107
12899
32734
23797
5387
24297
19037
3723
18769
29241
24132
20110
26213
4846
26262
32641
23047
30677
32444
20417
22389
3140
5507
8306
29327
11949
357
22713
30265
15730
10761
31019
31233
26107
27405
902
31490
27143
5122
2719
31751
20287
10680
32412
28916
11537
19644
2403
31074
3259
26912
3923
11914
4006
4986
10289
2148
20470
14127
9317
7696
12127
31218
29286
17780
2106
30855
30835
22055
29912
16589
13956
5005
8470
11515
17536
580
23089
1066
176
11455
20700
1044
628
6961
16784
14363
9524
685
30500
16781
16282
28555
23453
29990
23294
28429
2887
29142
32546
31811
7685
5317
26144
13355
6885
28309
11424
5405
18935
7655
21070
19814
22624
13088
7820
23860
682
365
15715
4018
14686
260
10432
3955
29653
9901
12765
6676
9547
21633
16125
5917
2101
18418
4444
5673
13268
10508
10086
30791
12299
7931
3879
18591
31598
3532
15619
2137
14235
24952
15015
29114
28621
2590
16959
30352
11694
3472
6633
32209
20589
21009
17258
9343
23057
1629
21537
1486
9997
19178
2361
20105
17428
110
27682
8114
22062
24481
6977
1129
18700
15940
2790
32526
14232
9570
21119
29098
17105
7382
23052
25995
19158
20493
31699
30255
15936
28685
28245
25444
29621
30390
2688
3756
16827
12104
16934
26598
18633
10278
23214
3371
9124
29146
16394
8695
29161
20312
1001
8585
28901
15239
23853
12428
5805
26621
15263
12790
25451
6410
17377
9009
23799
761
18341
889
26791
3218
3613
19077
30567
6884
178
12905
14348
19009
4089
22715
17381
14473
25827
31476
31123
17580
12852
21018
31259
26474
14902
20892
31802
2397
23726
19838
27129
31290
16655
19381
31872
27988
28910
1237
18991
8033
30390
22505
31467
2433
21661
13730
5814
17788
26582
18101
8835
1867
3080
20862
32584
20443
4864
8937
16212
15629
25763
32402
26083
6913
23334
23083
17648
6804
12161
26655
27978
20775
2592
13684
25834
26019
3036
24310
6020
3769
25387
8594
13660
18031
16787
18944
29787
22232
17765
18341
26466
9250
11175
26295
24542
22487
24146
30114
3485
20828
12990
22954
20704
32702
27738
22226
29361
2221
22432
3837
14198
24777
4424
31828
32711
14621
19900
27367
27517
26089
13517
13719
13067
8869
9636
18995
11026
22338
30459
14561
9775
17075
1933
21184
10520
11948
13002
7115
9447
4266
32208
5121
11189
15411
4247
7107
21355
2655
20331
30589
15061
6807
10400
13960
25848
4253
27265
335
24230
29644
13705
4785
25167
5026
24278
24743
28186
5499
22234
14375
52
3999
26708
20552
28008
21887
25470
6310
1521
22844
2440
18184
31884
18025
19526
26688
17361
14866
13862
30803
21954
15357
3684
17882
6565
23855
3457
9384
23567
8114
13809
13229
3394
2966
9492
14874
14776
5430
28775
24518
28928
14525
25340
17617
3785
28392
12071
15495
6717
24333
26747
12167
12176
29276
23028
26916
10200
11365
3190
21515
29471
27866
4470
27174
22710
32406
26103
23489
4557
6111
441
12780
29249
12264
26285
28704
5045
19866
17579
31013
14052
13204
1383
15154
20277
3441
21666
26455
27793
585
30877
14360
30577
20602
3795
2907
29499
22184
231
21380
15054
11778
17884
9182
27483
14791
17284
23613
29048
20489
25659
14305
27759
24498
13525
17310
23516
14276
7892
32570
19319
21477
4830
11799
28974
21018
14191
6929
29047
30163
28620
21418
15844
23592
20280
7781
16887
17762
19561
12399
21049
6077
18749
26244
4486
32620
17066
1297
16555
20446
15603
17302
11315
2624
16418
10063
11389
11587
30898
28947
27666
12831
20620
8828
26678
23256
5173
24136
24509
13759
30789
10239
9248
31293
4891
18134
208
8908
7887
20436
11466
26694
5992
6963
31340
610
2383
10505
14727
20859
9220
14632
32693
21908
25872
6722
19181
5786
28475
29777
12884
25064
25086
4661
6486
273
17723
28319
6390
19929
23852
2095
4962
18308
31386
16601
9675
3412
6991
19597
27763
25165
28365
29463
19720
7739
4928
10564
15152
12278
7858
17734
11109
5349
18558
21081
10243
27073
18183
18343
15519
30875
13737
9833
11163
26657
5872
17232
8695
28701
18184
16163
23914
14142
29301
29353
30898
15899
25860
20937
21032
31605
17666
2544
16535
3516
3755
24499
2638
9685
25573
4022
21108
3867
1071
14028
28828
30884
212
1375
26265
25541
356
16915
26772
23512
11364
24486
11100
23356
2117
10779
27900
414
26771
20247
27539
32631
15215
17803
15968
23254
19263
22675
17693
29024
18596
22942
8590
23445
12461
15824
28505
5461
25418
10916
11800
4002
32259
13782
4525
4007
20201
23680
11477
32505
29645
30083
10753
4382
31153
9000
1633
25164
4220
2055
833
29554
9970
17192
16792
10109
738
30569
15326
9684
10657
25119
4639
17956
11448
17664
23630
26979
11994
10049
30427
25615
13593
12795
32135
23991
6233
11219
26744
18877
11012
22490
32648
23898
26367
15282
6115
9954
14301
4339
20433
10826
13651
26060
15568
9959
25068
12526
16358
27256
16894
23717
29749
21863
24285
3400
27600
29772
2638
9940
11981
21171
30271
21972
12444
27423
29877
8068
12183
22607
29701
15669
13017
11199
2887
18163
6740
3442
11016
29030
29982
2287
17983
25334
4620
11146
1922
25650
32386
22500
26234
28531
26505
29365
12693
25532
4386
19657
24570
24293
22491
28233
16322
761
28831
10044
21605
10972
23250
2381
31090
21041
14494
11983
7556
13434
391
29438
10609
26497
17222
32648
26564
29944
25812
21324
110
14172
8133
9825
23736
32287
9175
20314
1916
15621
6347
3528
23957
19151
29299
24065
8852
29463
19213
14880
19892
24443
14287
27725
8977
7165
19395
22079
27924
15018
15573
20990
27186
23162
24363
4078
17110
5496
27316
5641
7067
6690
16132
17516
6079
29715
6495
789
24533
18399
28947
31979
185
1599
28171
3070
14025
23150
11682
15121
31058
22482
18869
86
23113
10975
22012
5496
3644
20793
18330
4318
12423
7448
31474
9263
6091
2033
19389
9233
20124
6227
29529
15671
1146
24335
8548
31386
2819
20379
650
262
13158
30648
10651
9177
8219
23123
3809
14088
24274
29097
6576
16994
24233
7343
26686
31257
5793
31665
18869
8318
28755
57
7815
13580
19167
13362
4866
5288
10790
31821
26660
28455
26169
22948
16048
13841
28432
28318
6273
26788
30848
19218
1055
24860
8807
17327
9872
1842
28970
22683
6001
3043
10849
28506
17221
4722
27088
25586
18444
27312
666
13644
24
16507
177
20702
12060
25733
24209
16775
1414
4695
17198
17850
28174
22421
23594
4319
22927
131
10316
15350
32022
11720
17966
10622
13881
30578
6965
24725
2475
16699
26310
9056
28685
9226
5559
17581
25862
4285
27140
215
27797
4134
19140
24042
678
17491
20571
22280
10468
3859
24816
22284
1743
437
28962
18028
20494
31251
15606
12388
25862
4304
3348
17233
25003
15581
23604
12379
3734
20546
28883
11862
26713
12827
16170
9194
12559
31200
10080
15602
16439
20458
25599
28451
1218
14131
15525
12782
28010
9310
20732
28071
11078
1527
4075
26086
667
8699
12046
9006
7670
27803
13924
8140
6007
15421
29768
15362
11376
32452
28067
15717
20271
21521
7775
23940
2839
12745
7711
11210
28406
29785
32045
18086
29074
312
28083
12264
1157
24172
3375
16495
18763
25424
25121
32513
7322
26260
25094
24186
27633
3461
5002
10025
2420
8335
8442
3959
29175
2304
28408
18377
14681
23566
2930
32168
4371
5916
2261
6688
7440
28985
6525
16229
2752
26090
32625
18877
7784
23849
9293
22425
10940
5293
28031
7429
9903
11884
8374
1603
21898
2143
27800
28083
13627
16773
27060
26871
9968
4138
10167
29011
1509
19817
6882
27482
8314
23024
32187
20935
18313
16387
31491
1961
26614
14020
13289
5571
25224
27313
30333
22322
5623
12142
14439
22864
20294
32453
10713
29401
5202
26859
29890
22092
31916
23044
31813
9108
3236
22762
12393
15592
18086
9002
18962
25328
26314
19024
816
23593
31910
13925
7990
11146
22375
12725
22478
6760
30752
25046
458
6551
32353
20965
32350
15826
17164
29203
19597
23388
5476
12384
20194
1256
20071
3751
6496
29111
11870
23003
23483
3840
14514
26256
15305
16532
513
30397
13363
5314
9329
11456
19312
28536
20036
12194
14068
28844
7853
25757
16036
6650
17634
25051
29838
30607
5491
32385
5335
20549
2522
9196
8692
8463
24147
17466
4381
26520
16878
6669
6911
39
19682
5515
1202
6854
12580
6826
29930
2979
22840
29866
10609
31414
26952
8931
8405
13988
22131
25280
3166
12004
2151
6924
7746
22816
14642
3180
2076
1502
1877
27437
15771
26719
28186
17984
20343
21959
6184
24451
29354
32639
16469
22851
2012
11480
5307
23806
14111
14321
20494
8045
29660
20954
32045
26049
32013
20985
6390
28718
11693
5293
1631
28070
12653
11570
2242
23783
29097
28357
14457
32439
20122
4360
9643
15726
30925
29607
7525
11702
32468
17724
17645
3215
25403
4464
32595
24214
20158
31331
20808
5254
12984
8527
14131
22783
28639
616
8578
27526
21807
18438
2878
11470
2852
22789
24291
16437
16172
9836
7534
26258
9052
31822
31671
30254
5730
23022
27137
5136
1979
5414
14800
4734
27686
19722
22011
6336
22104
28616
16641
30759
2033
22483
19872
21070
3759
17472
17828
29856
16865
12400
29438
3354
13343
20207
16149
7250
27961
11164
23649
18617
109
14602
11829
30493
21213
19751
25308
19570
9792
20763
29672
31953
15319
10355
199
3009
9122
4991
14231
25014
3029
4344
16443
23255
9350
742
23983
13060
27560
6849
14744
29464
30012
20695
3616
17259
966
27373
8704
18332
1278
22057
19166
26509
18121
22576
27098
10670
30823
23435
5732
639
19438
23375
27472
15696
19447
12797
10796
25163
14743
20391
10449
15797
1681
6996
15672
27761
16329
934
7055
4550
31740
698
23180
6754
8879
6480
4610
12446
8037
1324
18354
17923
21781
14012
7779
22029
26075
18938
31541
17968
8942
1684
5426
1817
14546
11082
8998
23350
27599
2200
7088
26232
30881
11926
15258
27480
28017
12828
18022
22808
3844
19753
13609
3915
7731
24198
18333
31383
4507
3238
11121
28346
6037
4049
11747
25035
29801
26498
11153
27842
4286
32525
12940
13627
19541
1412
2735
9335
26871
31964
6191
4004
8620
17484
19570
13662
16942
8694
6437
13429
21149
4041
6537
24561
11124
20390
26125
5203
1468
2753
17954
29214
23424
75
13387
8598
11392
1870
26739
968
31529
26584
23684
29898
5573
20315
32565
836
32752
25684
2340
16687
4171
15659
10276
4573
5748
15962
29912
6458
7477
9170
26241
12369
7419
14746
14612
786
12938
1978
31120
15186
11760
30039
11406
23827
3511
10015
17177
14342
14943
7400
20929
4686
5644
21139
15851
28807
13435
26679
21867
7943
20282
5500
1109
24675
18969
27716
7439
25909
23516
11921
26283
28957
12082
15267
25972
20742
4075
22624
4551
1707
30821
22265
28965
19801
4935
25035
17797
23542
1394
28035
18159
2114
5173
5766
6982
12125
31680
28048
102
1930
2524
30618
23663
16178
20697
25858
10335
3372
1735
17382
26855
5691
25833
12752
10615
19416
7014
20633
11676
10290
11586
647
19595
27508
18573
12729
11006
15942
28378
9925
18238
23958
499
12959
2945
13208
2251
12221
23159
523
16564
7800
18976
447
20178
24758
224
6996
9680
22726
26837
7492
29649
28555
11624
4900
11434
17885
14114
8742
1102
5420
6594
3811
28041
870
10380
20567
28914
28187
9443
21549
28699
28896
15130
22589
10506
10993
16776
32084
3565
2074
28122
30515
17673
4311
29869
32218
25844
1466
18269
25606
16644
18957
25623
30456
23047
25017
27702
2936
18228
1638
29900
23578
11106
6116
17790
7360
2680
27593
31126
26464
4901
16476
14163
26119
12497
22194
29059
24094
31187
30743
26452
237
19940
27312
22120
9565
14547
6494
4903
20226
28027
29412
31577
9816
27891
17485
30452
17997
11780
4744
31538
768
22752
14166
17383
3529
27408
17766
14098
6777
22447
30653
9906
27107
30678
12380
25819
23963
24407
18973
24072
30973
27054
16863
11699
29553
4916
31458
24867
16366
29334
8820
23686
11709
26246
30414
5695
1664
19376
30009
7297
19826
20208
13173
6429
1008
12226
26714
18328
5945
1786
26560
4481
23410
26037
5533
17665
14317
24719
5229
6580
26794
23318
13015
30647
31006
10111
23693
13571
23604
20120
4724
15609
17810
5118
11781
22077
10269
2704
29683
31432
32191
19747
14861
30265
15464
12152
9319
15980
7250
31595
15796
14926
5002
3692
28407
27376
10924
27443
6747
10970
3821
5040
23902
30625
1375
16193
15925
31164
9073
16680
18540
16019
28853
13116
23758
22745
21991
14558
14468
23324
32042
28207
30593
24730
1940
22401
5661
6231
15341
25867
13823
1644
4788
24288
10817
28578
17251
19746
3791
9023
14069
12402
28432
5920
932
7852
16329
2568
22007
6097
12350
8248
27388
10053
5786
11840
32722
9531
31632
9748
23147
11373
2371
23138
20368
6160
24931
3107
27174
7687
7833
30321
6063
22871
1318
19608
32276
22747
9927
24175
24225
1593
32219
22249
10833
30996
17351
18663
11084
2691
1690
32336
26542
15554
16877
15716
8586
19240
32526
30797
6191
30297
16477
6903
28329
24765
15349
27426
23435
3889
10639
11958
1516
25084
10148
3158
13232
6660
31698
23095
11529
15938
12929
20275
31036
30067
25030
18969
22697
10256
5000
9032
8198
32385
6881
15484
22763
3982
22726
17127
19347
21270
13291
22404
21985
11523
18401
4520
13217
9341
3969
4058
7185
7006
3726
2788
22687
6630
16022
7978
14581
689
17177
16443
2099
17125
10478
2726
26491
21168
13537
26639
12723
6642
1441
14721
19590
3382
3290
31750
2732
5863
9118
7029
876
8385
15881
26508
863
20869
549
24382
31350
21233
17931
17998
2878
13295
14667
14621
8035
15117
15758
12993
9588
15661
12922
14678
23525
19581
14550
9369
19802
21418
12527
12979
25123
29009
30778
24402
11010
10167
10810
12542
18741
13497
26788
28843
6064
9734
28354
32650
31147
32139
29717
16165
29276
31279
8766
16299
27142
22721
8735
10376
17458
8494
1085
3897
11068
21496
2152
12383
13586
3043
2207
16146
17721
26610
2862
15991
20497
20881
16409
6549
25433
29460
28093
28004
6133
29280
4277
14631
20719
17384
13051
26876
27581
10716
15951
28338
17858
13212
19933
23770
15127
20851
17178
14369
650
20610
8687
29405
2791
21242
30745
18149
15735
6287
21456
24998
18887
11049
3494
5747
24234
17372
27059
2845
29825
31770
21487
4804
3258
7975
15327
10988
2711
12238
21364
20179
2353
30291
13616
5379
21180
10920
13706
19235
23820
3811
25492
1042
28504
3568
31963
19511
21823
12931
22670
30738
17160
2641
3555
16663
20270
18816
22967
9405
9500
16988
1909
14802
21813
1355
24888
28689
26135
15619
27444
28150
2849
6906
28242
209
9267
26654
5658
21274
27316
3527
9686
23812
28634
10986
2292
17236
20517
2447
17069
6260
16429
2181
228
13251
22174
19796
22097
4912
14209
21107
24542
31495
1213
9659
22865
18442
14301
27420
25900
10180
18707
30607
3025
11034
18301
6219
13802
26403
18088
23100
9736
6202
17747
26033
13706
31569
29045
16981
22721
20872
28033
5984
11858
16894
31464
15374
7643
3558
11743
11345
18905
19166
3684
13762
22729
6013
19067
28894
22925
32299
23998
23151
18194
31286
21012
8520
28464
21282
32193
31797
16593
16960
25247
7218
17750
5762
4778
3803
18742
19085
15810
9508
30696
16656
19629
12874
28420
6996
11612
14090
3237
24085
13423
19728
32017
22673
14331
26290
19356
478
18314
14046
31433
16512
9571
21841
26547
20539
25868
29450
31915
14886
21262
13055
30499
4865
2552
31502
17611
29640
22694
20790
15353
24712
24003
6407
13134
4466
31885
17751
15511
21038
3800
21047
1777
27506
30806
6950
11313
19154
32533
24964
28034
23770
3401
5961
9040
19802
16460
16886
25701
8705
26851
2508
10322
25389
24771
18748
26897
18178
22868
12448
2024
4794
1972
21032
31120
9787
20991
10775
32151
26095
25038
30511
25859
30416
16381
30569
11320
194
23986
23786
27676
27430
11930
3891
26232
18348
14454
3224
12706
24424
15319
32755
18265
5673
23077
24217
31472
6150
23782
8845
6831
1337
573
29940
16502
4145
29361
23753
5539
16866
17456
17874
3638
22624
11860
29651
24371
29612
21477
13825
13384
1229
17822
28345
26800
13091
8756
17266
18263
11257
30612
2289
5695
4185
18796
16316
28962
29988
24814
13520
14169
10594
18897
6806
4348
14038
8344
11796
20299
20693
5654
15456
11340
9561
19506
7259
11702
17490
28648
28827
12046
4412
13456
17833
22288
29430
5219
24685
31824
13778
31291
20710
15649
21481
14490
7455
20150
6065
29166
6238
18311
19665
22035
15006
26870
29491
22810
3135
11315
10331
18249
31229
5725
15096
23138
9503
6122
7353
13353
1008
31560
9826
25120
26227
9924
25119
20117
13139
13740
20504
17118
28953
11440
22853
24292
28577
19854
25732
10718
9679
19951
16873
8287
6014
30091
24661
25491
22457
26516
330
28101
31534
6994
24317
28709
3807
18443
30893
15817
26395
18469
31028
26609
23213
14222
27612
28559
15955
20828
13171
12295
13426
20657
30626
26419
9479
22754
31866
32426
29153
10456
6224
31298
15118
7606
15307
12243
18323
18619
16443
11326
26208
7275
28716
27054
23426
29929
32316
15134
11675
32680
24105
4380
26511
17986
13358
31692
8833
24744
20112
3631
27646
4732
23924
1701
23671
22459
23795
24753
29173
9375
25968
13309
776
23748
22057
1182
24064
17801
3597
26776
26720
30649
9934
9893
21136
5227
26166
12850
13266
16678
22974
10411
8823
12105
20573
13304
7251
12970
9886
30280
21358
11134
6389
25357
13052
18297
4179
10567
12432
24118
7416
4870
15756
27864
5001
32298
27868
29938
98
21102
8420
17060
25901
6309
21942
24071
29875
5955
23433
11211
16627
6174
5479
287
3953
15222
4133
11985
18385
31795
1432
18359
12452
18799
8198
9805
28290
22836
4571
30111
31065
6279
21917
16746
31748
23717
10786
20862
21024
14732
7937
21606
6171
8637
17734
7499
397
13121
22634
30998
27084
21994
29570
24277
21179
3803
9910
32608
17890
11594
245
30780
19396
13445
25063
11711
28012
10035
10275
4213
29770
6109
4003
20931
23613
8877
21620
19402
11249
13429
28082
8334
10091
17138
29876
21592
4322
23123
3204
26457
27601
9205
23954
12943
30282
19057
31145
3053
19597
24280
15393
30134
27353
9021
31319
23850
386
24180
6234
11364
20292
7450
21991
13187
30167
981
26520
11528
31939
5853
12376
24959
30326
6844
12058
11874
31636
29266
29899
29754
28814
7707
13956
12295
18806
16565
20485
17378
16402
19612
19039
13025
12335
16185
15088
21563
3639
3355
3732
16812
11270
9092
5402
1307
16378
8999
24821
18811
25161
14384
20276
4847
29848
13189
19381
16945
10185
18763
9621
26420
5140
6317
2026
9992
5977
24792
27317
14591
28084
1866
4114
16142
14419
21325
25010
32117
26244
702
17035
13730
13586
7187
10446
10323
14290
8605
5146
764
8569
2569
13295
15464
15792
8749
21093
9378
20843
15362
22302
11286
21878
20204
30329
9716
16208
27970
24840
2517
19517
13066
1861
30881
663
4612
17792
2224
23909
7915
3100
7471
22063
17399
22523
19654
16656
31910
3895
7031
12044
32444
5651
3018
19108
29832
12337
19239
25256
11370
517
32131
5965
24978
18057
27711
23935
522
3378
7244
19576
5623
5155
3988
27026
11292
4770
13717
26201
28575
1992
20303
1253
19216
24956
19041
5735
15527
4002
22383
18433
16333
22415
16326
12763
28638
31680
15939
23667
18478
3020
24433
12340
9546
28824
11505
843
27520
2250
10271
14774
30369
27008
22514
11165
14085
5953
28196
17894
8144
19252
18323
6404
19060
6287
19432
18959
29559
1619
28790
6682
13431
28983
25189
30657
8043
18913
7183
20225
7979
860
27050
2893
16691
17863
8488
32733
19619
14666
4443
10826
19083
32079
27741
856
25446
8174
12591
21010
13796
10664
22688
13597
2797
4441
18800
22086
2786
11368
22454
31837
22566
28481
21375
28486
13021
4613
27320
25165
2547
28031
25166
22714
7520
9307
27283
14501
5547
27794
4836
12
13485
3369
8329
20515
920
25627
19676
17131
8760
2196
11949
16134
7032
23903
21222
15818
25383
10146
18539
14228
24828
32201
9028
10847
11480
8896
15102
28309
24652
8549
10318
20004
8539
15421
17912
4565
19073
1381
14575
30938
21492
13004
17342
20133
25129
672
26918
4865
7578
17414
8713
26715
14279
22542
10887
15456
16762
16102
10854
24270
13904
1358
15543
31363
24949
9803
6838
9435
32687
13600
28147
30520
17054
25466
3503
26338
6466
14315
11145
20242
25021
2201
13146
24905
26714
3640
25181
28646
22479
9013
22931
18168
32447
820
12133
1873
3715
7869
17548
14300
14122
22322
24622
304
17598
14085
22345
18276
8649
31271
17237
5669
25368
31428
3109
4871
16575
22061
18703
27161
8286
24086
15692
26812
5282
10753
29601
15029
30222
23802
15679
32128
30971
29573
6121
7655
25821
11733
16212
13268
20681
27198
28115
20580
2356
1005
4148
29244
766
2519
28900
5152
32687
25071
7770
2498
18176
189
13126
